Nb_Si_8_11_19_mit_B_3

08.11.2019 11:22
Zeit	Temperatur	R_Probe_1	R_Thermometer	R_Probe_2
0.000000E+0	4.521797E+0	2.756000E-2	7.375930E+0	1.057980E+5
1.000327E+0	4.521385E+0	2.761000E-2	7.376070E+0	1.057980E+5
2.000367E+0	4.522943E+0	2.769000E-2	7.375540E+0	1.057980E+5
3.000569E+0	4.521297E+0	2.790000E-2	7.376100E+0	1.057980E+5
3.999758E+0	4.517508E+0	2.775000E-2	7.377390E+0	1.057980E+5
4.999837E+0	4.519182E+0	2.760000E-2	7.376820E+0	1.057980E+5
5.999827E+0	4.519710E+0	2.774000E-2	7.376640E+0	1.057980E+5
6.999783E+0	4.517567E+0	2.768000E-2	7.377370E+0	1.057980E+5
7.999648E+0	4.517450E+0	2.768000E-2	7.377410E+0	1.057980E+5
8.999790E+0	4.516892E+0	2.781000E-2	7.377600E+0	1.057980E+5
9.999925E+0	4.516393E+0	2.867000E-2	7.377770E+0	1.057980E+5
1.100002E+1	4.638525E+0	2.936000E-2	7.337050E+0	1.057980E+5
1.200049E+1	5.119630E+0	2.939000E-2	7.192510E+0	1.057980E+5
1.300058E+1	5.340623E+0	2.967000E-2	7.133440E+0	1.057980E+5
1.400055E+1	5.442417E+0	2.966000E-2	7.107580E+0	1.057980E+5
1.500087E+1	5.497133E+0	2.966000E-2	7.094010E+0	1.057980E+5
1.600103E+1	5.530026E+0	2.972000E-2	7.085960E+0	1.057980E+5
1.700103E+1	5.549135E+0	2.957000E-2	7.081320E+0	1.057980E+5
1.800101E+1	5.558938E+0	3.014000E-2	7.078950E+0	1.057980E+5
1.900045E+1	5.567441E+0	2.996000E-2	7.076900E+0	1.057980E+5
2.000049E+1	5.571971E+0	2.987000E-2	7.075810E+0	1.057980E+5
2.100065E+1	5.573052E+0	2.990000E-2	7.075550E+0	1.057980E+5
2.200087E+1	5.573884E+0	2.978000E-2	7.075350E+0	1.057980E+5
2.300100E+1	5.576048E+0	2.992000E-2	7.074830E+0	1.057980E+5
2.400090E+1	5.576465E+0	2.957000E-2	7.074730E+0	1.057980E+5
2.500104E+1	5.573510E+0	2.994000E-2	7.075440E+0	1.057980E+5
2.600056E+1	5.574425E+0	3.003000E-2	7.075220E+0	1.057980E+5
2.700078E+1	5.575799E+0	3.012000E-2	7.074890E+0	1.057980E+5
2.800081E+1	5.595465E+0	3.033000E-2	7.070180E+0	1.057980E+5
2.900067E+1	5.726713E+0	3.009000E-2	7.039440E+0	1.057980E+5
3.000045E+1	5.804944E+0	3.022000E-2	7.021670E+0	1.057980E+5
3.100036E+1	5.847637E+0	3.021000E-2	7.012140E+0	1.057980E+5
3.200085E+1	5.874104E+0	3.014000E-2	7.006290E+0	1.057980E+5
3.300088E+1	5.887254E+0	3.018000E-2	7.003400E+0	1.057980E+5
3.400048E+1	5.896245E+0	3.043000E-2	7.001430E+0	1.057980E+5
3.500166E+1	5.903152E+0	3.031000E-2	6.999920E+0	1.057980E+5
3.600127E+1	5.909844E+0	3.029000E-2	6.998460E+0	1.057980E+5
3.700141E+1	5.910808E+0	3.042000E-2	6.998250E+0	1.057980E+5
3.800178E+1	5.908101E+0	3.010000E-2	6.998840E+0	1.057980E+5
3.900153E+1	5.910945E+0	3.028000E-2	6.998220E+0	1.057980E+5
4.000105E+1	5.910854E+0	3.038000E-2	6.998240E+0	1.057980E+5
4.100100E+1	5.909156E+0	3.033000E-2	6.998610E+0	1.057980E+5
4.200134E+1	5.908743E+0	3.032000E-2	6.998700E+0	1.057980E+5
4.300137E+1	5.931472E+0	3.062000E-2	6.993760E+0	1.057980E+5
4.400125E+1	6.063102E+0	3.065000E-2	6.965760E+0	1.057980E+5
4.500097E+1	6.148801E+0	3.031000E-2	6.948070E+0	1.057980E+5
4.600130E+1	6.200480E+0	3.045000E-2	6.937600E+0	1.057980E+5
4.700145E+1	6.227768E+0	3.052000E-2	6.932130E+0	1.057980E+5
4.800126E+1	6.244228E+0	3.080000E-2	6.928850E+0	1.057980E+5
4.900100E+1	6.256570E+0	3.070000E-2	6.926400E+0	1.057980E+5
5.000109E+1	6.264855E+0	3.069000E-2	6.924760E+0	1.057980E+5
5.100141E+1	6.267182E+0	3.085000E-2	6.924300E+0	1.057980E+5
5.200094E+1	6.272499E+0	3.080000E-2	6.923250E+0	1.057980E+5
5.300150E+1	6.274171E+0	3.074000E-2	6.922920E+0	1.057980E+5
5.400130E+1	6.275743E+0	3.056000E-2	6.922610E+0	1.057980E+5
5.500143E+1	6.274019E+0	3.090000E-2	6.922950E+0	1.057980E+5
5.600161E+1	6.272346E+0	3.071000E-2	6.923280E+0	1.057980E+5
5.700079E+1	6.277062E+0	3.099000E-2	6.922350E+0	1.057980E+5
5.800105E+1	6.295932E+0	3.079000E-2	6.918640E+0	1.057980E+5
5.900110E+1	6.421538E+0	3.088000E-2	6.894410E+0	1.057980E+5
6.000122E+1	6.519152E+0	3.139000E-2	6.876120E+0	1.057980E+5
6.100074E+1	6.571713E+0	3.112000E-2	6.866460E+0	1.057980E+5
6.200095E+1	6.604054E+0	3.091000E-2	6.860580E+0	1.057980E+5
6.300073E+1	6.626762E+0	3.104000E-2	6.856480E+0	1.057980E+5
6.400141E+1	6.643517E+0	3.090000E-2	6.853470E+0	1.057980E+5
6.500063E+1	6.648987E+0	3.095000E-2	6.852490E+0	1.057980E+5
6.600119E+1	6.659950E+0	3.091000E-2	6.850530E+0	1.057980E+5
6.700111E+1	6.660062E+0	3.081000E-2	6.850510E+0	1.057980E+5
6.800130E+1	6.662248E+0	3.105000E-2	6.850120E+0	1.057980E+5
6.900140E+1	6.666397E+0	3.075000E-2	6.849380E+0	1.057980E+5
7.000078E+1	6.667126E+0	3.078000E-2	6.849250E+0	1.057980E+5
7.100049E+1	6.670831E+0	3.092000E-2	6.848590E+0	1.057980E+5
7.200070E+1	6.668249E+0	3.080000E-2	6.849050E+0	1.057980E+5
7.300055E+1	6.671000E+0	3.101000E-2	6.848560E+0	1.057980E+5
7.400068E+1	6.672573E+0	3.107000E-2	6.848280E+0	1.057980E+5
7.500041E+1	6.673022E+0	3.100000E-2	6.848200E+0	1.057980E+5
7.600099E+1	6.671730E+0	3.108000E-2	6.848430E+0	1.057980E+5
7.700047E+1	6.671899E+0	3.082000E-2	6.848400E+0	1.057980E+5
7.800087E+1	6.667856E+0	3.088000E-2	6.849120E+0	1.057980E+5
7.900073E+1	6.669877E+0	3.092000E-2	6.848760E+0	1.057980E+5
8.000053E+1	6.669821E+0	3.100000E-2	6.848770E+0	1.057980E+5
8.100051E+1	6.670775E+0	3.052000E-2	6.848600E+0	1.057980E+5
8.200025E+1	6.671056E+0	3.073000E-2	6.848550E+0	1.057980E+5
8.300031E+1	6.668473E+0	3.157000E-2	6.849010E+0	1.057980E+5
8.400082E+1	6.702068E+0	3.145000E-2	6.843050E+0	1.057980E+5
8.500026E+1	6.946451E+0	3.114000E-2	6.801150E+0	1.057980E+5
8.600048E+1	7.151932E+0	3.138000E-2	6.767780E+0	1.057980E+5
8.700094E+1	7.271949E+0	3.109000E-2	6.749020E+0	1.057980E+5
8.800110E+1	7.348711E+0	3.124000E-2	6.737290E+0	1.057980E+5
8.900208E+1	7.400373E+0	3.153000E-2	6.729510E+0	1.057980E+5
9.000243E+1	7.441170E+0	3.130000E-2	6.723430E+0	1.057980E+5
9.100280E+1	7.462454E+0	3.167000E-2	6.720280E+0	1.057980E+5
9.200274E+1	7.481050E+0	3.157000E-2	6.717540E+0	1.057980E+5
9.300295E+1	7.507106E+0	3.139000E-2	6.713720E+0	1.057980E+5
9.400286E+1	7.509707E+0	3.192000E-2	6.713340E+0	1.057980E+5
9.500230E+1	7.519574E+0	3.178000E-2	6.711900E+0	1.057980E+5
9.600220E+1	7.518956E+0	3.170000E-2	6.711990E+0	1.057980E+5
9.700219E+1	7.519025E+0	3.165000E-2	6.711980E+0	1.057980E+5
9.800227E+1	7.526988E+0	3.172000E-2	6.710820E+0	1.057980E+5
9.900315E+1	7.530562E+0	3.186000E-2	6.710300E+0	1.057980E+5
1.000038E+2	7.539097E+0	3.203000E-2	6.709060E+0	1.057980E+5
1.010037E+2	7.648921E+0	3.221000E-2	6.693310E+0	1.057980E+5
1.020031E+2	7.750892E+0	3.251000E-2	6.679020E+0	1.057980E+5
1.030034E+2	7.819064E+0	3.221000E-2	6.669640E+0	1.057980E+5
1.040030E+2	7.866967E+0	3.231000E-2	6.663130E+0	1.057980E+5
1.050031E+2	7.899918E+0	3.204000E-2	6.658690E+0	1.057980E+5
1.060032E+2	7.924110E+0	3.211000E-2	6.655450E+0	1.057980E+5
1.070031E+2	7.940906E+0	3.222000E-2	6.653210E+0	1.057980E+5
1.080041E+2	7.961609E+0	3.284000E-2	6.650460E+0	1.057980E+5
1.090046E+2	7.971276E+0	3.234000E-2	6.649180E+0	1.057980E+5
1.100041E+2	7.974300E+0	3.234000E-2	6.648780E+0	1.057980E+5
1.110044E+2	7.970520E+0	3.206000E-2	6.649280E+0	1.057980E+5
1.120039E+2	7.980129E+0	3.197000E-2	6.648010E+0	1.057980E+5
1.130040E+2	7.979296E+0	3.224000E-2	6.648120E+0	1.057980E+5
1.140041E+2	7.988012E+0	3.240000E-2	6.646970E+0	1.057980E+5
1.150040E+2	7.987632E+0	3.233000E-2	6.647020E+0	1.057980E+5
1.160040E+2	7.992641E+0	3.239000E-2	6.646360E+0	1.057980E+5
1.170043E+2	8.026781E+0	3.355000E-2	6.641880E+0	1.057980E+5
1.180043E+2	8.076284E+0	3.529000E-2	6.635440E+0	1.057980E+5
1.190041E+2	8.103867E+0	3.631000E-2	6.631880E+0	1.057980E+5
1.200041E+2	8.126842E+0	3.620000E-2	6.628930E+0	1.057980E+5
1.210045E+2	8.135985E+0	3.697000E-2	6.627760E+0	1.057980E+5
1.220049E+2	8.154635E+0	3.739000E-2	6.625380E+0	1.057980E+5
1.230050E+2	8.158562E+0	3.751000E-2	6.624880E+0	1.057980E+5
1.240051E+2	8.164537E+0	3.751000E-2	6.624120E+0	1.057980E+5
1.250046E+2	8.170835E+0	3.819000E-2	6.623320E+0	1.057980E+5
1.260051E+2	8.174775E+0	3.939000E-2	6.622820E+0	1.057980E+5
1.270046E+2	8.218485E+0	4.005000E-2	6.617300E+0	1.057980E+5
1.280047E+2	8.256970E+0	4.078000E-2	6.612480E+0	1.057980E+5
1.290047E+2	8.290185E+0	4.076000E-2	6.608350E+0	1.057980E+5
1.300053E+2	8.310399E+0	4.116000E-2	6.605850E+0	1.057980E+5
1.310062E+2	8.323541E+0	4.177000E-2	6.604230E+0	1.057980E+5
1.320065E+2	8.339325E+0	4.223000E-2	6.602290E+0	1.057980E+5
1.330072E+2	8.348378E+0	4.249000E-2	6.601180E+0	1.057980E+5
1.340065E+2	8.353605E+0	4.283000E-2	6.600540E+0	1.057980E+5
1.350065E+2	8.396280E+0	4.346000E-2	6.595340E+0	1.057980E+5
1.360069E+2	8.440065E+0	4.343000E-2	6.590050E+0	1.057980E+5
1.370063E+2	8.477360E+0	4.312000E-2	6.585580E+0	1.057980E+5
1.380067E+2	8.497749E+0	4.368000E-2	6.583150E+0	1.057980E+5
1.390068E+2	8.517713E+0	4.359000E-2	6.580780E+0	1.057980E+5
1.400065E+2	8.528020E+0	4.334000E-2	6.579560E+0	1.057980E+5
1.410062E+2	8.534367E+0	4.406000E-2	6.578810E+0	1.057980E+5
1.420070E+2	8.553114E+0	4.348000E-2	6.576600E+0	1.057980E+5
1.430069E+2	8.583543E+0	4.390000E-2	6.573030E+0	1.057980E+5
1.440070E+2	8.631378E+0	4.401000E-2	6.567460E+0	1.057980E+5
1.450065E+2	8.661663E+0	4.405000E-2	6.563960E+0	1.057980E+5
1.460065E+2	8.702958E+0	4.411000E-2	6.559220E+0	1.057980E+5
1.470067E+2	8.709960E+0	4.409000E-2	6.558420E+0	1.057980E+5
1.480066E+2	8.721183E+0	4.398000E-2	6.557140E+0	1.057980E+5
1.490068E+2	8.728121E+0	4.400000E-2	6.556350E+0	1.057980E+5
1.500067E+2	8.738942E+0	4.379000E-2	6.555120E+0	1.057980E+5
1.510066E+2	8.764897E+0	4.386000E-2	6.552180E+0	1.057980E+5
1.520067E+2	8.748462E+0	4.430000E-2	6.554040E+0	1.057980E+5
1.530063E+2	8.787957E+0	4.396000E-2	6.549580E+0	1.057980E+5
1.540059E+2	8.835365E+0	4.410000E-2	6.544270E+0	1.057980E+5
1.550061E+2	8.867116E+0	4.402000E-2	6.540740E+0	1.057980E+5
1.560067E+2	8.900600E+0	4.407000E-2	6.537040E+0	1.057980E+5
1.570068E+2	8.911413E+0	4.435000E-2	6.535850E+0	1.057980E+5
1.580068E+2	8.920243E+0	4.420000E-2	6.534880E+0	1.057980E+5
1.590072E+2	8.932466E+0	4.428000E-2	6.533540E+0	1.057980E+5
1.600074E+2	8.933653E+0	4.394000E-2	6.533410E+0	1.057980E+5
1.610077E+2	8.948012E+0	4.391000E-2	6.531840E+0	1.057980E+5
1.620075E+2	8.952868E+0	4.407000E-2	6.531310E+0	1.057980E+5
1.630075E+2	9.039907E+0	4.380000E-2	6.521890E+0	1.057980E+5
1.640075E+2	9.137542E+0	4.442000E-2	6.511500E+0	1.057980E+5
1.650069E+2	9.209107E+0	4.383000E-2	6.504000E+0	1.057980E+5
1.660075E+2	9.272562E+0	4.404000E-2	6.497430E+0	1.057980E+5
1.670075E+2	9.321142E+0	4.421000E-2	6.492450E+0	1.057980E+5
1.680070E+2	9.351694E+0	4.397000E-2	6.489340E+0	1.057980E+5
1.690075E+2	9.375779E+0	4.383000E-2	6.486900E+0	1.057980E+5
1.700067E+2	9.392422E+0	4.408000E-2	6.485220E+0	1.057980E+5
1.710069E+2	9.412100E+0	4.404000E-2	6.483240E+0	1.057980E+5
1.720073E+2	9.423760E+0	4.409000E-2	6.482070E+0	1.057980E+5
1.730069E+2	9.437743E+0	4.413000E-2	6.480670E+0	1.057980E+5
1.740069E+2	9.440943E+0	4.423000E-2	6.480350E+0	1.057980E+5
1.750074E+2	9.524799E+0	4.439000E-2	6.472030E+0	1.057980E+5
1.760071E+2	9.624846E+0	4.417000E-2	6.462260E+0	1.057980E+5
1.770071E+2	9.705444E+0	4.424000E-2	6.454510E+0	1.057980E+5
1.780073E+2	9.767126E+0	4.471000E-2	6.448650E+0	1.057980E+5
1.790068E+2	9.811306E+0	4.408000E-2	6.444490E+0	1.057980E+5
1.800066E+2	9.851092E+0	4.412000E-2	6.440770E+0	1.057980E+5
1.810069E+2	9.880782E+0	4.410000E-2	6.438010E+0	1.057980E+5
1.820073E+2	9.904554E+0	4.450000E-2	6.435810E+0	1.057980E+5
1.830082E+2	9.919947E+0	4.399000E-2	6.434390E+0	1.057980E+5
1.840076E+2	9.931463E+0	4.414000E-2	6.433330E+0	1.057980E+5
1.850075E+2	9.951070E+0	4.396000E-2	6.431530E+0	1.057980E+5
1.860074E+2	9.954126E+0	4.401000E-2	6.431250E+0	1.057980E+5
1.870074E+2	9.960351E+0	4.398000E-2	6.430680E+0	1.057980E+5
1.880075E+2	9.971178E+0	4.362000E-2	6.429690E+0	1.057980E+5
1.890073E+2	9.974901E+0	4.371000E-2	6.429350E+0	1.057980E+5
1.900077E+2	9.978845E+0	4.406000E-2	6.428990E+0	1.057980E+5
1.910079E+2	9.984437E+0	4.458000E-2	6.428480E+0	1.057980E+5
1.920076E+2	9.992122E+0	4.472000E-2	6.427780E+0	1.057980E+5
1.930081E+2	9.986303E+0	4.364000E-2	6.428310E+0	1.057980E+5
1.940073E+2	9.991353E+0	4.381000E-2	6.427850E+0	1.057980E+5
1.950075E+2	9.992122E+0	4.413000E-2	6.427780E+0	1.057980E+5
1.960076E+2	9.986851E+0	4.367000E-2	6.428260E+0	1.057980E+5
1.970076E+2	9.930159E+0	4.354000E-2	6.433450E+0	1.057980E+5
1.980076E+2	9.837158E+0	4.419000E-2	6.442070E+0	1.057980E+5
1.990073E+2	9.760569E+0	4.416000E-2	6.449270E+0	1.057980E+5
2.000073E+2	9.706910E+0	4.385000E-2	6.454370E+0	1.057980E+5
2.010079E+2	9.655603E+0	4.422000E-2	6.459290E+0	1.057980E+5
2.020079E+2	9.621232E+0	4.401000E-2	6.462610E+0	1.057980E+5
2.030075E+2	9.591066E+0	4.395000E-2	6.465540E+0	1.057980E+5
2.040073E+2	9.574044E+0	4.370000E-2	6.467200E+0	1.057980E+5
2.050076E+2	9.546465E+0	4.395000E-2	6.469900E+0	1.057980E+5
2.060072E+2	9.533740E+0	4.396000E-2	6.471150E+0	1.057980E+5
2.070075E+2	9.523175E+0	4.392000E-2	6.472190E+0	1.057980E+5
2.080071E+2	9.511414E+0	4.386000E-2	6.473350E+0	1.057980E+5
2.090071E+2	9.504935E+0	4.355000E-2	6.473990E+0	1.057980E+5
2.100071E+2	9.502507E+0	4.418000E-2	6.474230E+0	1.057980E+5
2.110076E+2	9.426454E+0	4.431000E-2	6.481800E+0	1.057980E+5
2.120070E+2	9.328004E+0	4.379000E-2	6.491750E+0	1.057980E+5
2.130075E+2	9.241179E+0	4.421000E-2	6.500670E+0	1.057980E+5
2.140069E+2	9.167487E+0	4.419000E-2	6.508350E+0	1.057980E+5
2.150068E+2	9.125609E+0	4.398000E-2	6.512760E+0	1.057980E+5
2.160069E+2	9.100219E+0	4.405000E-2	6.515450E+0	1.057980E+5
2.170068E+2	9.069138E+0	4.408000E-2	6.518760E+0	1.057980E+5
2.180072E+2	9.044380E+0	4.410000E-2	6.521410E+0	1.057980E+5
2.190076E+2	9.026326E+0	4.391000E-2	6.523350E+0	1.057980E+5
2.200080E+2	9.022796E+0	4.444000E-2	6.523730E+0	1.057980E+5
2.210079E+2	9.005831E+0	4.412000E-2	6.525560E+0	1.057980E+5
2.220079E+2	8.994643E+0	4.422000E-2	6.526770E+0	1.057980E+5
2.230083E+2	8.971140E+0	4.387000E-2	6.529320E+0	1.057980E+5
2.240078E+2	8.980344E+0	4.403000E-2	6.528320E+0	1.057980E+5
2.250076E+2	8.956444E+0	4.431000E-2	6.530920E+0	1.057980E+5
2.260077E+2	8.968841E+0	4.422000E-2	6.529570E+0	1.057980E+5
2.270082E+2	8.975924E+0	4.376000E-2	6.528800E+0	1.057980E+5
2.280077E+2	8.969300E+0	4.410000E-2	6.529520E+0	1.057980E+5
2.290075E+2	8.970588E+0	4.386000E-2	6.529380E+0	1.057980E+5
2.300079E+2	8.923798E+0	4.403000E-2	6.534490E+0	1.057980E+5
2.310080E+2	8.894340E+0	4.403000E-2	6.537730E+0	1.057980E+5
2.320076E+2	8.861436E+0	4.407000E-2	6.541370E+0	1.057980E+5
2.330079E+2	8.842634E+0	4.415000E-2	6.543460E+0	1.057980E+5
2.340076E+2	8.826494E+0	4.395000E-2	6.545260E+0	1.057980E+5
2.350081E+2	8.807280E+0	4.410000E-2	6.547410E+0	1.057980E+5
2.360088E+2	8.806834E+0	4.441000E-2	6.547460E+0	1.057980E+5
2.370085E+2	8.794449E+0	4.424000E-2	6.548850E+0	1.057980E+5
2.380092E+2	8.783781E+0	4.397000E-2	6.550050E+0	1.057980E+5
2.390085E+2	8.778454E+0	4.406000E-2	6.550650E+0	1.057980E+5
2.400085E+2	8.772424E+0	4.386000E-2	6.551330E+0	1.057980E+5
2.410083E+2	8.775084E+0	4.420000E-2	6.551030E+0	1.057980E+5
2.420084E+2	8.768704E+0	4.402000E-2	6.551750E+0	1.057980E+5
2.430082E+2	8.767021E+0	4.415000E-2	6.551940E+0	1.057980E+5
2.440084E+2	8.768969E+0	4.408000E-2	6.551720E+0	1.057980E+5
2.450085E+2	8.733397E+0	4.400000E-2	6.555750E+0	1.057980E+5
2.460086E+2	8.687238E+0	4.390000E-2	6.561020E+0	1.057980E+5
2.470083E+2	8.656892E+0	4.366000E-2	6.564510E+0	1.057980E+5
2.480084E+2	8.639667E+0	4.374000E-2	6.566500E+0	1.057980E+5
2.490083E+2	8.620863E+0	4.360000E-2	6.568680E+0	1.057980E+5
2.500084E+2	8.608307E+0	4.358000E-2	6.570140E+0	1.057980E+5
2.510083E+2	8.599125E+0	4.352000E-2	6.571210E+0	1.057980E+5
2.520081E+2	8.591841E+0	4.386000E-2	6.572060E+0	1.057980E+5
2.530084E+2	8.587904E+0	4.350000E-2	6.572520E+0	1.057980E+5
2.540083E+2	8.583372E+0	4.371000E-2	6.573050E+0	1.057980E+5
2.550082E+2	8.575087E+0	4.348000E-2	6.574020E+0	1.057980E+5
2.560082E+2	8.574148E+0	4.361000E-2	6.574130E+0	1.057980E+5
2.570082E+2	8.574148E+0	4.348000E-2	6.574130E+0	1.057980E+5
2.580088E+2	8.572612E+0	4.332000E-2	6.574310E+0	1.057980E+5
2.590085E+2	8.567837E+0	4.340000E-2	6.574870E+0	1.057980E+5
2.600086E+2	8.529374E+0	4.318000E-2	6.579400E+0	1.057980E+5
2.610079E+2	8.491027E+0	4.312000E-2	6.583950E+0	1.057980E+5
2.620083E+2	8.462476E+0	4.301000E-2	6.587360E+0	1.057980E+5
2.630084E+2	8.438154E+0	4.295000E-2	6.590280E+0	1.057980E+5
2.640080E+2	8.418580E+0	4.283000E-2	6.592640E+0	1.057980E+5
2.650081E+2	8.410805E+0	4.298000E-2	6.593580E+0	1.057980E+5
2.660081E+2	8.402795E+0	4.274000E-2	6.594550E+0	1.057980E+5
2.670080E+2	8.393808E+0	4.272000E-2	6.595640E+0	1.057980E+5
2.680081E+2	8.390596E+0	4.256000E-2	6.596030E+0	1.057980E+5
2.690080E+2	8.382371E+0	4.246000E-2	6.597030E+0	1.057980E+5
2.700079E+2	8.380070E+0	4.267000E-2	6.597310E+0	1.057980E+5
2.710079E+2	8.377442E+0	4.208000E-2	6.597630E+0	1.057980E+5
2.720079E+2	8.374077E+0	4.075000E-2	6.598040E+0	1.057980E+5
2.730078E+2	8.333135E+0	4.008000E-2	6.603050E+0	1.057980E+5
2.740082E+2	8.294867E+0	3.949000E-2	6.607770E+0	1.057980E+5
2.750079E+2	8.266277E+0	3.905000E-2	6.611320E+0	1.057980E+5
2.760078E+2	8.242083E+0	3.877000E-2	6.614340E+0	1.057980E+5
2.770079E+2	8.228755E+0	3.865000E-2	6.616010E+0	1.057980E+5
2.780078E+2	8.218485E+0	3.851000E-2	6.617300E+0	1.057980E+5
2.790077E+2	8.203396E+0	3.829000E-2	6.619200E+0	1.057980E+5
2.800077E+2	8.196898E+0	3.823000E-2	6.620020E+0	1.057980E+5
2.810078E+2	8.195473E+0	3.735000E-2	6.620200E+0	1.057980E+5
2.820077E+2	8.184797E+0	3.483000E-2	6.621550E+0	1.057980E+5
2.830077E+2	8.147417E+0	3.274000E-2	6.626300E+0	1.057980E+5
2.840076E+2	8.104333E+0	3.246000E-2	6.631820E+0	1.057980E+5
2.850076E+2	8.075357E+0	3.257000E-2	6.635560E+0	1.057980E+5
2.860076E+2	8.050547E+0	3.257000E-2	6.638780E+0	1.057980E+5
2.870077E+2	8.033592E+0	3.242000E-2	6.640990E+0	1.057980E+5
2.880079E+2	8.022195E+0	3.232000E-2	6.642480E+0	1.057980E+5
2.890078E+2	8.009224E+0	3.223000E-2	6.644180E+0	1.057980E+5
2.900076E+2	7.963948E+0	3.211000E-2	6.650150E+0	1.057980E+5
2.910075E+2	7.919845E+0	3.210000E-2	6.656020E+0	1.057980E+5
2.920076E+2	7.886680E+0	3.232000E-2	6.660470E+0	1.057980E+5
2.930075E+2	7.859134E+0	3.205000E-2	6.664190E+0	1.057980E+5
2.940079E+2	7.849103E+0	3.217000E-2	6.665550E+0	1.057980E+5
2.950078E+2	7.839902E+0	3.195000E-2	6.666800E+0	1.057980E+5
2.960079E+2	7.827931E+0	3.201000E-2	6.668430E+0	1.057980E+5
2.970079E+2	7.820748E+0	3.215000E-2	6.669410E+0	1.057980E+5
2.980079E+2	7.810653E+0	3.195000E-2	6.670790E+0	1.057980E+5
2.990079E+2	7.766503E+0	3.202000E-2	6.676860E+0	1.057980E+5
3.000112E+2	7.723987E+0	3.201000E-2	6.682760E+0	1.057980E+5
3.010117E+2	7.695596E+0	3.206000E-2	6.686730E+0	1.057980E+5
3.020117E+2	7.673689E+0	3.216000E-2	6.689810E+0	1.057980E+5
3.030115E+2	7.658247E+0	3.192000E-2	6.691990E+0	1.057980E+5
3.040114E+2	7.644830E+0	3.190000E-2	6.693890E+0	1.057980E+5
3.050110E+2	7.639052E+0	3.209000E-2	6.694710E+0	1.057980E+5
3.060112E+2	7.631874E+0	3.200000E-2	6.695730E+0	1.057980E+5
3.070116E+2	7.626604E+0	3.187000E-2	6.696480E+0	1.057980E+5
3.080120E+2	7.613979E+0	3.183000E-2	6.698280E+0	1.057980E+5
3.090125E+2	7.486699E+0	3.167000E-2	6.716710E+0	1.057980E+5
3.100124E+2	7.358030E+0	3.165000E-2	6.735880E+0	1.057980E+5
3.110122E+2	7.275843E+0	3.173000E-2	6.748420E+0	1.057980E+5
3.120121E+2	7.219143E+0	3.155000E-2	6.757210E+0	1.057980E+5
3.130123E+2	7.177307E+0	3.135000E-2	6.763770E+0	1.057980E+5
3.140129E+2	7.149913E+0	3.139000E-2	6.768100E+0	1.057980E+5
3.150132E+2	7.128274E+0	3.127000E-2	6.771540E+0	1.057980E+5
3.160132E+2	7.117371E+0	3.135000E-2	6.773280E+0	1.057980E+5
3.170131E+2	7.110305E+0	3.141000E-2	6.774410E+0	1.057980E+5
3.180132E+2	7.102252E+0	3.133000E-2	6.775700E+0	1.057980E+5
3.190132E+2	7.093468E+0	3.129000E-2	6.777110E+0	1.057980E+5
3.200130E+2	7.093593E+0	3.138000E-2	6.777090E+0	1.057980E+5
3.210131E+2	7.087933E+0	3.141000E-2	6.778000E+0	1.057980E+5
3.220135E+2	7.083088E+0	3.144000E-2	6.778780E+0	1.057980E+5
3.230129E+2	7.086379E+0	3.135000E-2	6.778250E+0	1.057980E+5
3.240134E+2	7.083585E+0	3.138000E-2	6.778700E+0	1.057980E+5
