250.384
27.201
0
0
0
0
0
0
0
0
0
0
0
0
0
0
0
0
0
0
0
0
0
0
0
0
0
0
0
0
0
0
0
0
0
0
0
0
0
0
0
0
0
0
0
0
0
0
0
0
0
0
0
0
0
0
0
0
0
0
0
0
0
0
0
0
0
0
0
0
0
0
0
0
0
0
0
0
0
0
0
0
0
0
0
0
0
0
0
0
0
0
0
0
0
0
0
0
0
0
0
0
1
0
0
0
0
0
0
0
0
0
0
0
0
0
0
0
0
0
0
0
0
0
0
0
0
0
0
0
0
0
1
0
0
0
0
0
0
0
0
0
0
0
0
0
0
0
0
0
0
0
0
0
0
0
0
0
0
0
0
1
0
1
1
0
0
0
0
0
1
1
2
0
1
0
1
2
1
1
4
5
3
2
4
2
1
8
4
7
8
6
5
6
8
10
9
14
12
12
20
13
20
16
28
24
28
31
27
23
26
25
26
31
37
28
40
36
53
34
47
57
56
50
58
64
63
54
65
80
68
63
77
79
64
68
69
59
61
81
71
73
65
63
65
67
71
57
56
62
75
62
54
73
84
71
85
68
74
89
72
87
87
69
74
57
71
66
65
74
78
72
67
79
59
70
81
76
63
58
70
76
66
65
66
69
56
58
62
62
68
84
86
77
62
66
73
91
92
59
68
72
74
72
73
78
76
78
76
70
81
80
71
74
59
75
62
61
72
74
88
82
84
91
81
74
79
88
79
79
80
76
89
85
81
80
69
90
89
89
78
84
82
86
66
94
105
109
102
107
104
123
136
139
133
179
174
172
191
180
165
178
163
141
160
149
146
176
200
220
255
306
366
399
426
478
528
576
587
605
547
515
428
387
312
243
210
175
135
119
94
83
72
79
68
67
66
74
61
58
64
64
61
63
57
67
56
58
72
59
77
72
55
56
68
66
60
62
62
66
67
63
64
74
74
81
99
105
107
144
151
164
206
211
208
207
204
182
189
162
121
129
110
109
121
113
115
140
136
136
135
169
160
174
174
151
116
142
121
116
112
87
100
111
102
81
115
114
121
105
113
113
112
83
84
92
87
80
84
87
99
115
93
99
123
128
135
139
140
160
170
191
185
187
196
208
206
218
216
256
264
283
277
281
303
293
314
325
305
336
343
360
337
357
387
383
343
383
392
407
366
417
403
412
424
429
429
413
427
415
443
438
450
421
432
476
441
472
476
527
615
805
1059
1396
2013
2825
3740
4890
6247
7777
9534
10904
12700
13842
15121
15836
16115
16334
15438
14265
12526
10843
8404
6569
4842
3389
2262
1446
968
608
425
293
218
199
166
160
146
168
171
162
154
142
143
149
136
157
142
151
132
140
154
152
119
140
151
156
156
141
133
128
144
147
126
144
142
138
138
145
140
137
124
151
133
140
153
154
181
214
262
350
454
697
998
1346
1826
2231
2715
3274
3638
3827
3976
3706
3492
3101
2433
1967
1508
1195
964
848
823
786
902
966
1018
1019
976
930
853
708
548
453
375
242
201
138
111
104
83
55
47
63
57
61
68
57
51
53
51
63
52
41
55
61
55
45
43
55
38
42
47
46
49
46
42
46
43
35
46
38
54
48
53
52
54
61
61
56
48
51
41
45
43
50
48
40
46
57
60
45
57
52
51
51
41
44
56
48
65
36
50
48
41
45
43
51
60
49
49
46
58
38
46
30
47
43
53
55
47
53
43
39
46
44
59
51
47
40
48
51
57
48
48
48
42
60
42
50
60
54
64
59
52
56
49
51
47
45
47
50
51
54
55
53
65
35
53
56
66
52
45
53
59
56
38
52
49
46
48
45
46
40
46
48
57
58
41
48
53
48
42
58
44
56
49
52
47
53
48
58
46
63
50
45
50
68
53
43
42
46
49
50
51
53
51
55
41
44
49
54
67
55
49
46
45
43
51
42
55
56
44
45
43
49
40
53
45
36
43
57
58
48
54
58
46
52
53
57
48
53
57
44
54
56
51
54
47
54
60
62
60
52
51
43
53
56
48
49
45
42
57
42
43
57
71
55
43
39
45
48
53
42
49
48
52
59
44
44
38
52
59
48
55
50
64
49
58
44
60
55
61
63
52
57
62
53
61
48
55
62
56
50
52
58
56
52
67
65
55
57
52
51
50
50
61
50
49
52
58
48
54
74
51
51
72
71
92
90
127
175
221
258
324
384
445
485
508
484
495
447
428
339
293
225
166
130
100
99
59
54
63
54
52
55
58
57
49
48
43
58
55
46
49
64
56
57
56
52
65
48
57
53
51
59
52
57
62
49
53
49
54
47
54
67
56
58
57
46
46
54
48
59
58
54
45
52
51
43
53
54
46
60
47
52
58
64
54
50
49
58
61
49
54
56
59
68
60
60
49
55
51
64
54
51
58
70
53
53
60
56
59
50
63
56
66
52
64
70
54
58
62
64
63
52
48
56
60
76
57
63
57
65
60
55
56
53
57
60
59
70
67
72
70
71
67
62
61
66
61
64
50
75
64
62
67
87
70
84
84
83
75
104
99
102
105
104
117
111
115
106
121
124
122
119
131
116
113
111
89
82
98
91
87
84
87
96
83
107
97
86
100
84
93
86
81
85
82
85
95
93
89
100
112
109
104
107
99
87
86
90
97
74
106
102
93
90
101
78
103
109
106
94
97
90
100
102
110
81
95
106
94
94
102
101
82
108
99
105
101
111
110
115
117
120
107
118
112
117
107
108
116
108
99
106
102
102
99
100
100
115
82
101
94
99
111
108
99
104
101
104
103
80
109
105
97
102
113
91
83
85
95
111
92
109
94
103
106
94
94
93
89
100
87
92
96
96
109
108
89
87
102
113
99
108
111
95
97
105
91
105
91
98
83
98
119
102
106
101
125
96
109
117
109
110
111
113
82
94
111
89
98
113
99
106
103
101
124
111
113
132
122
124
126
109
103
94
96
100
112
100
107
110
101
103
107
102
101
93
100
122
105
99
95
104
112
110
119
122
126
133
124
124
138
141
129
123
104
118
112
106
93
114
101
89
105
102
95
96
103
82
108
86
88
112
90
94
89
98
118
106
106
100
112
119
121
118
147
145
154
159
142
149
128
149
142
134
118
102
91
102
107
103
88
91
95
88
90
83
102
94
115
95
108
76
94
89
69
109
88
88
101
86
97
86
95
80
95
90
94
89
83
76
81
91
91
80
75
78
84
91
81
82
91
80
72
78
76
84
89
82
95
88
77
77
79
75
88
67
90
85
80
110
100
125
156
205
251
299
373
411
520
504
553
586
544
525
449
439
360
312
253
205
177
177
214
241
351
543
771
1150
1566
2385
3020
3841
4616
5499
6007
6331
6406
6309
6070
5284
4475
3680
2927
2270
1616
1104
782
534
311
202
135
83
61
55
52
54
42
42
42
47
42
43
48
54
48
53
53
43
36
48
49
41
45
43
31
43
40
35
44
48
42
40
41
39
41
47
43
48
45
52
43
41
57
49
55
48
53
62
44
46
62
61
54
59
65
45
67
49
49
57
60
54
58
55
55
51
42
38
47
42
39
41
45
43
49
44
46
43
36
49
42
40
47
45
57
38
49
46
48
39
39
42
41
51
42
63
58
39
51
51
45
45
36
50
38
35
54
53
54
40
52
51
45
42
43
46
42
44
54
50
48
47
42
55
51
62
39
56
52
38
36
50
50
46
45
57
51
48
48
51
45
47
39
35
49
46
47
41
45
41
35
36
43
47
34
50
43
43
52
48
49
50
44
53
40
62
44
41
42
43
39
60
47
47
55
45
41
49
50
38
36
52
65
47
42
52
45
54
50
44
49
40
47
57
51
39
50
44
59
46
52
54
44
45
53
46
47
41
44
47
41
44
41
44
59
49
48
53
60
49
54
43
45
51
48
38
39
46
37
51
40
45
53
62
56
54
56
51
56
39
49
39
46
48
36
48
41
53
42
41
41
47
59
57
48
61
55
53
47
45
37
48
51
48
37
40
39
45
54
40
38
47
55
46
46
45
46
43
52
58
47
46
41
41
49
49
52
56
51
44
54
60
54
49
53
52
53
39
44
46
37
51
54
35
47
54
56
45
44
62
61
53
49
51
57
55
66
61
45
50
46
48
51
41
50
48
49
54
50
53
48
60
47
57
58
59
55
52
59
48
48
57
47
52
58
57
54
61
52
54
53
52
50
51
49
42
59
49
61
47
45
56
44
54
70
59
48
51
54
55
58
67
51
50
43
47
50
53
50
64
65
57
47
50
53
53
48
45
59
62
54
57
60
51
61
50
46
61
46
59
57
61
56
43
49
47
56
39
56
58
69
47
45
61
61
64
55
48
60
46
52
56
68
43
47
63
62
60
55
64
52
58
46
46
47
66
54
58
55
61
56
40
57
54
59
60
43
62
56
51
55
51
53
67
45
52
63
56
56
53
43
60
49
57
50
52
59
57
57
69
57
56
54
47
50
60
56
56
50
56
64
48
55
50
61
54
56
59
60
61
52
48
49
49
63
64
67
64
48
50
63
46
47
58
54
51
51
53
58
61
56
61
63
63
44
54
55
55
50
54
65
58
55
62
52
49
55
53
58
67
79
57
65
62
56
71
83
73
81
76
65
80
99
85
74
80
78
72
75
66
62
63
59
57
64
57
68
53
49
57
52
58
56
58
61
59
53
56
47
66
64
68
58
60
72
59
58
65
71
48
52
49
58
54
58
47
57
59
47
56
55
53
57
49
55
51
68
61
66
44
47
60
59
51
52
57
64
63
63
66
55
63
55
57
55
54
60
59
55
66
58
59
79
57
57
52
58
58
58
58
65
56
35
49
49
53
60
52
48
64
68
51
67
63
56
58
61
51
49
53
61
50
51
62
52
46
51
53
56
50
46
47
67
51
54
53
55
52
59
58
52
50
56
57
68
56
58
55
57
59
67
57
62
50
56
55
54
51
57
65
62
52
37
51
57
52
52
51
64
66
55
59
57
52
68
72
44
70
66
50
57
50
50
58
52
70
60
60
48
58
55
51
62
56
56
55
59
58
53
52
55
58
54
56
55
57
56
60
60
53
42
53
50
44
52
50
47
54
55
63
60
64
53
54
64
63
56
61
55
72
50
53
67
57
54
47
64
51
56
62
56
48
49
54
52
55
64
52
47
58
60
53
52
54
47
57
56
63
48
55
52
53
55
62
56
57
55
59
60
61
50
53
51
59
54
66
69
66
48
59
59
57
55
49
51
52
41
51
56
55
63
53
57
55
53
54
55
45
46
50
48
52
47
54
62
52
63
70
48
57
41
61
63
62
55
61
64
54
57
50
55
54
58
64
56
53
57
54
60
69
60
55
61
52
64
59
54
51
59
58
49
50
62
54
48
48
39
58
69
55
49
59
54
53
37
52
49
52
60
60
49
57
61
52
43
49
48
54
49
50
55
56
50
48
70
50
56
52
48
55
58
57
55
52
55
55
50
65
55
50
59
48
47
47
56
51
59
74
48
49
59
60
53
51
53
59
37
62
65
46
61
48
55
61
45
51
59
66
52
53
49
49
54
49
38
40
46
53
50
57
42
53
64
51
55
49
56
69
54
46
46
40
40
64
59
60
54
47
62
69
67
68
62
57
53
57
56
52
71
51
54
51
64
58
59
62
54
56
43
55
52
57
68
60
53
49
55
55
50
51
49
51
65
58
54
66
61
54
45
58
48
56
47
72
47
53
52
50
50
54
66
61
55
52
68
77
51
53
55
68
48
56
34
39
49
53
56
61
52
67
56
57
54
55
48
48
54
57
56
46
54
54
50
45
66
55
50
51
49
56
50
45
57
58
56
62
59
45
45
42
64
47
53
55
52
54
49
60
54
46
47
54
58
56
62
52
63
67
67
57
50
62
63
58
47
56
56
65
60
55
55
54
61
45
54
58
54
52
55
54
62
53
52
47
47
54
44
41
60
62
48
49
49
58
59
52
45
69
57
50
51
54
62
61
50
48
55
55
62
54
60
56
61
53
62
54
63
62
56
48
51
55
60
61
52
57
59
57
54
52
48
65
66
59
53
54
53
48
71
52
60
55
55
48
52
56
48
66
54
49
49
50
53
61
56
48
60
54
52
60
52
65
57
59
52
56
45
54
72
58
58
51
75
65
52
61
46
65
57
67
70
69
51
62
63
57
55
59
61
64
55
56
62
79
68
48
58
57
64
60
63
49
59
68
72
53
57
60
65
61
66
66
54
61
57
57
61
53
54
63
70
48
73
63
68
57
55
56
61
59
49
45
67
61
55
65
62
58
43
50
56
76
67
60
70
54
64
60
56
51
60
64
65
55
53
62
65
70
54
58
61
46
57
51
58
68
68
51
46
55
58
64
63
60
67
68
62
56
59
62
56
52
67
69
66
54
54
56
55
61
50
59
67
74
68
67
62
54
53
61
63
42
52
61
64
60
49
46
66
64
52
67
61
63
58
59
55
72
58
56
68
59
63
67
65
61
56
57
58
52
48
53
67
56
50
56
52
48
49
62
70
54
58
66
63
57
61
52
63
61
61
65
59
57
66
54
55
58
67
52
65
61
59
46
65
60
72
72
55
59
58
73
78
72
70
82
103
100
88
102
98
105
116
102
99
101
80
93
71
65
71
64
76
68
67
70
55
55
43
56
65
56
59
58
44
52
50
59
63
54
55
59
57
59
52
39
53
60
54
64
57
66
60
64
48
57
51
51
55
51
61
53
53
61
55
54
51
58
53
58
52
54
53
57
56
73
55
59
49
61
69
40
57
61
63
56
45
56
45
58
54
44
48
55
49
48
61
51
56
50
48
59
57
45
53
50
48
48
49
55
48
48
47
54
51
50
59
59
51
56
52
54
50
54
42
54
55
53
50
59
62
41
48
43
55
43
45
48
46
52
48
63
47
41
51
57
51
53
42
55
50
51
41
56
52
43
46
56
49
53
54
57
63
50
60
49
53
51
60
50
44
50
47
40
39
58
58
48
41
42
58
55
37
40
48
46
40
47
48
47
53
62
55
41
47
49
48
45
50
50
48
48
50
56
48
50
55
46
48
47
50
53
44
52
48
47
52
60
49
46
51
45
47
49
54
61
50
39
54
49
50
52
41
46
51
45
42
44
54
51
46
47
54
54
53
50
36
50
47
52
50
55
52
53
61
50
53
42
44
51
48
53
43
41
45
51
49
45
42
59
54
50
45
30
40
47
43
40
34
47
49
54
55
48
46
54
42
56
42
52
44
61
56
52
56
42
50
35
53
51
59
65
39
49
46
54
53
56
59
51
63
53
56
43
45
53
48
49
41
43
50
49
46
42
39
46
42
53
43
40
50
52
52
50
48
41
56
44
48
45
44
46
48
46
41
35
44
47
41
43
43
52
53
40
58
38
46
45
52
52
55
53
42
49
53
42
42
48
42
48
49
37
41
46
48
51
43
44
42
42
55
59
54
42
44
44
47
50
34
50
45
59
47
43
61
44
51
44
49
60
56
44
47
50
50
42
56
51
53
53
43
59
56
56
54
41
55
53
50
47
45
51
39
49
51
47
45
43
45
40
42
46
54
54
47
41
44
47
44
36
50
42
49
60
49
36
42
52
54
52
44
46
51
55
50
44
42
43
45
56
49
39
50
45
48
52
49
38
50
59
48
52
53
45
43
43
50
49
54
50
52
52
49
42
47
46
41
37
46
48
50
43
49
45
50
54
55
48
52
56
49
41
41
51
49
43
35
44
49
39
51
51
46
47
39
44
37
42
36
43
45
49
47
37
44
50
49
38
43
54
47
48
36
42
48
43
54
51
49
52
51
39
60
47
48
47
61
49
57
48
40
43
47
43
53
38
57
40
45
43
51
53
60
46
31
38
47
45
43
43
44
50
44
42
47
53
44
54
46
46
45
49
42
39
50
43
46
45
53
47
47
41
35
47
45
53
49
35
39
46
34
42
41
27
52
43
48
43
45
38
41
48
53
39
34
37
39
38
44
49
42
39
37
40
41
41
41
33
41
45
41
50
45
38
43
49
46
48
44
35
44
47
33
40
41
47
39
43
36
44
43
35
43
60
42
46
38
31
35
28
39
42
43
44
43
42
41
51
38
43
49
45
40
37
37
44
39
41
46
50
43
45
50
30
29
31
37
40
35
40
31
37
45
47
43
42
36
41
47
43
46
46
34
40
37
35
37
39
47
38
42
35
40
43
47
36
40
35
45
35
45
45
41
40
42
37
41
40
40
31
39
35
35
34
40
44
41
45
45
47
53
35
30
35
40
42
37
41
46
43
41
31
37
35
36
37
30
38
44
49
45
32
39
33
45
36
42
36
32
34
34
44
35
39
39
31
35
46
40
40
40
36
40
32
43
43
43
49
45
44
36
41
41
44
44
35
29
30
42
28
34
37
37
29
32
27
32
25
28
39
38
36
40
49
37
39
37
46
38
37
35
36
42
38
44
36
44
48
29
44
35
35
36
30
32
33
40
24
38
40
40
36
25
30
34
40
28
29
35
34
31
29
27
34
32
33
23
28
38
34
32
33
33
34
25
29
33
25
32
31
37
23
24
28
23
32
33
22
27
31
31
26
24
29
32
26
24
25
34
31
28
30
23
35
19
16
27
28
22
25
25
30
32
28
28
20
36
21
28
33
25
27
28
23
20
26
29
27
21
27
26
32
33
29
26
28
27
32
21
25
20
29
31
29
28
22
27
28
19
20
21
19
29
21
35
27
24
25
23
22
21
22
25
28
32
28
16
22
28
15
29
25
22
26
17
24
22
29
28
24
24
26
19
20
25
28
29
29
24
20
28
23
21
22
20
22
18
25
18
21
23
21
30
21
28
16
24
22
22
21
18
24
21
20
14
20
17
23
22
19
20
22
18
27
22
26
23
25
28
26
21
22
27
26
22
26
20
18
26
25
12
18
21
20
19
29
25
17
22
18
29
23
22
21
14
18
18
19
25
23
24
26
16
20
24
17
14
15
23
24
24
13
17
19
14
28
10
11
16
22
22
21
17
27
30
22
19
25
25
19
18
24
14
18
20
20
14
20
24
17
19
18
19
21
28
22
20
16
17
18
21
17
19
25
25
23
26
26
21
17
17
18
33
16
21
20
18
18
25
15
19
19
20
26
19
14
22
27
19
32
24
30
19
30
30
43
40
38
40
39
46
43
30
40
36
35
27
23
20
26
24
23
21
24
19
17
20
20
19
15
17
21
22
15
17
19
21
16
19
20
17
21
25
15
18
28
21
19
15
22
17
14
22
19
14
18
13
20
16
23
19
20
11
20
20
16
19
19
13
23
15
18
19
13
11
13
23
13
17
16
17
16
15
21
13
18
13
17
11
18
8
19
14
9
28
18
15
11
18
15
15
17
16
20
17
19
19
17
16
15
10
13
20
17
14
18
21
23
19
17
13
21
16
12
19
23
18
24
17
15
22
13
15
13
21
17
17
12
15
18
17
18
14
15
15
17
17
9
16
15
17
17
11
14
17
18
17
11
13
15
10
17
17
15
13
8
16
23
23
18
17
13
14
16
11
14
21
17
21
18
16
14
17
18
13
17
13
15
18
11
15
15
15
7
17
16
18
17
17
13
13
14
16
13
15
18
18
14
15
14
15
12
14
15
13
14
14
13
12
13
11
6
12
13
9
14
11
18
15
14
14
14
13
11
11
13
12
13
14
16
14
12
15
14
18
16
11
14
11
12
14
20
20
17
13
12
10
16
10
12
15
11
13
13
13
10
14
14
13
14
14
14
14
13
15
16
18
13
11
12
14
14
15
16
9
9
13
18
12
10
8
10
11
6
8
14
6
9
16
14
19
17
8
11
11
13
16
7
8
11
12
16
14
11
12
10
8
14
14
11
8
12
14
13
12
17
13
11
16
12
16
11
11
13
13
9
9
10
15
10
12
10
13
12
9
14
13
10
7
14
8
12
19
13
19
7
9
13
10
9
13
13
12
16
17
7
12
9
11
14
14
16
14
11
15
13
12
10
12
7
10
12
14
8
11
9
8
12
11
12
7
19
8
12
13
15
12
15
13
10
15
9
18
10
8
12
7
13
7
11
14
15
17
14
16
14
10
11
12
8
11
13
11
12
10
10
10
7
11
18
12
9
9
16
12
11
12
9
13
11
6
10
12
12
15
15
9
14
12
9
11
11
7
8
17
17
10
15
14
12
11
18
10
12
7
15
12
18
10
12
9
10
11
11
11
7
10
3
9
9
13
18
8
8
11
10
11
14
6
7
12
8
10
9
16
10
7
7
16
7
8
9
12
13
12
15
11
18
14
13
8
9
5
9
8
16
9
12
11
12
7
12
8
7
12
9
12
10
10
10
15
7
10
11
7
9
9
11
5
10
7
13
8
6
17
10
3
9
10
10
7
13
13
9
14
7
11
8
11
8
12
10
7
5
7
11
9
12
14
11
10
4
8
7
10
11
10
14
8
11
8
11
13
9
13
10
8
9
7
7
15
12
9
11
13
9
10
6
9
11
10
10
5
7
6
6
9
8
10
13
5
12
6
10
9
11
10
6
14
12
4
11
10
4
7
8
7
7
6
10
15
11
6
5
11
8
12
9
14
8
12
8
11
5
9
9
11
9
7
7
11
10
11
9
7
8
6
8
7
8
9
8
7
7
7
6
5
10
10
13
8
5
10
9
7
10
6
4
6
10
15
13
11
5
7
9
11
7
9
9
5
5
9
8
5
5
7
7
8
6
3
9
7
6
3
1
3
4
7
9
12
5
6
6
7
5
6
12
2
4
6
6
7
4
6
7
9
11
2
2
3
4
2
6
9
6
4
6
6
4
11
10
9
6
5
5
7
12
10
8
5
5
8
11
4
7
9
6
9
11
10
11
8
11
6
6
6
4
6
10
5
4
13
8
7
10
8
9
6
6
9
3
5
6
4
11
6
8
9
6
9
9
7
5
7
5
5
10
3
8
8
5
6
5
8
7
4
6
6
6
1
4
9
3
8
6
12
8
4
8
6
11
7
6
8
10
7
5
7
7
7
0
5
6
6
8
6
9
4
10
8
7
6
2
5
2
3
6
5
6
3
4
5
5
7
6
10
10
4
10
7
9
3
5
8
7
11
5
7
5
8
4
7
7
8
7
5
3
5
3
8
5
4
7
8
7
11
9
9
9
4
1
4
5
4
5
7
5
9
6
6
6
6
4
5
5
6
7
17
5
7
9
7
9
11
8
8
11
6
5
6
5
5
3
2
8
2
4
6
9
8
4
8
7
6
6
5
3
2
4
5
9
7
6
12
8
6
12
5
4
13
21
22
25
32
53
49
79
77
91
112
130
157
156
193
188
177
193
207
169
166
146
134
142
123
85
68
66
44
35
25
17
18
11
14
8
8
3
7
0
0
8
6
3
4
6
7
8
5
8
4
5
7
3
4
4
4
4
7
9
2
4
12
8
8
10
5
3
4
6
2
7
5
5
6
6
5
6
8
3
4
4
7
5
3
3
6
3
8
4
1
4
4
3
5
9
8
8
4
4
6
4
9
9
7
5
4
2
5
3
5
7
4
4
5
3
6
4
3
6
5
5
6
8
4
5
6
7
4
5
2
3
6
6
8
5
4
4
5
6
1
3
6
3
5
2
2
2
4
3
1
5
2
2
6
6
2
2
7
4
4
2
4
7
5
4
5
3
5
4
2
4
6
5
6
2
4
6
2
3
2
3
8
2
4
2
5
5
6
6
4
4
7
2
3
7
6
3
3
5
5
1
2
10
4
8
8
3
3
5
5
2
3
3
3
5
0
3
4
7
4
0
6
4
4
4
3
5
4
3
6
5
4
3
3
6
4
3
10
2
4
6
5
8
6
5
4
5
5
4
3
3
4
3
4
4
3
2
5
5
3
5
3
3
4
3
6
7
4
5
6
2
5
2
1
6
4
2
4
2
3
2
0
6
3
1
4
3
4
4
7
5
4
2
2
2
2
4
3
6
4
1
2
3
3
3
8
5
6
3
3
3
7
3
7
4
5
5
5
7
4
2
2
4
3
6
4
3
5
7
4
2
2
6
7
8
7
7
4
5
1
2
2
3
3
5
1
2
5
3
4
3
5
6
3
5
1
5
5
2
4
5
6
2
4
4
5
2
1
5
3
1
5
4
4
3
2
3
4
2
3
3
4
5
1
3
3
2
5
4
4
1
7
4
4
1
2
3
2
4
4
3
3
1
6
2
3
2
0
5
3
6
3
4
1
7
2
1
2
1
2
4
3
8
4
4
3
2
8
3
2
2
3
1
3
2
5
2
5
1
3
3
1
2
3
3
2
3
3
2
5
3
0
4
2
5
0
2
5
3
4
1
5
4
2
2
5
6
7
6
4
5
6
8
13
9
14
25
32
40
46
84
90
124
150
178
216
270
291
311
371
353
371
401
404
394
370
351
327
275
268
204
189
140
135
97
72
61
49
31
25
19
21
11
8
3
3
2
2
6
4
5
3
4
0
3
1
1
3
3
3
3
3
3
5
2
2
4
2
6
4
4
4
6
1
2
0
3
1
3
2
4
2
2
4
4
3
2
4
4
3
1
0
7
7
3
2
6
4
1
4
2
2
2
2
2
3
5
0
1
5
2
4
2
3
2
5
5
2
2
1
2
3
4
3
2
1
1
2
2
2
3
1
2
3
3
2
2
1
2
1
2
2
2
2
2
6
4
4
8
3
3
3
1
4
2
2
0
4
2
4
3
3
1
6
1
1
2
2
3
3
4
1
2
2
3
3
2
3
1
3
1
1
3
1
3
1
5
1
2
3
2
3
1
2
2
3
3
2
2
4
3
4
2
7
1
3
0
1
1
0
1
2
4
1
4
1
1
1
0
2
0
4
3
3
2
3
4
3
5
3
2
2
1
1
1
2
4
3
2
2
1
1
0
3
1
2
1
2
0
2
2
2
2
1
1
3
1
0
1
2
3
2
3
3
1
3
3
1
2
4
2
2
1
3
2
5
3
4
2
2
2
4
0
3
1
4
0
0
5
2
2
0
1
1
1
2
1
2
3
2
5
3
2
4
2
3
3
0
0
2
2
1
2
2
4
2
2
1
1
4
0
2
1
1
1
2
1
0
0
2
0
2
3
2
3
2
2
2
5
2
0
3
2
1
1
2
1
2
3
2
1
3
0
1
1
2
2
1
1
3
1
3
4
4
1
2
3
2
4
3
1
0
0
0
2
4
2
1
2
1
4
0
2
1
4
0
3
2
1
2
2
2
1
1
3
2
0
0
0
3
2
2
1
1
1
3
1
1
2
2
1
1
2
2
1
1
2
1
0
0
1
3
4
3
2
3
5
1
0
1
1
2
0
1
1
2
2
0
3
2
2
3
0
2
1
2
0
1
4
0
1
1
3
3
1
1
2
4
4
1
3
0
2
1
1
1
1
3
2
0
2
1
0
3
0
1
2
3
1
0
3
2
1
0
1
2
2
3
1
0
3
0
0
0
2
2
2
0
2
3
1
0
1
2
2
2
1
1
2
0
2
1
1
3
0
3
1
1
2
2
2
3
3
4
1
1
1
0
3
2
3
2
2
2
1
1
3
0
1
5
2
0
2
1
2
2
1
0
1
3
3
1
1
5
0
1
1
1
2
2
0
1
0
2
3
3
1
4
8
3
3
2
1
1
3
3
6
4
1
5
4
4
5
4
4
1
4
4
4
1
0
4
2
2
2
4
3
2
0
2
0
0
1
1
0
2
0
0
3
2
3
2
1
2
2
2
1
2
2
3
2
2
1
1
0
0
1
1
1
1
1
1
2
1
0
0
1
2
2
2
1
2
0
2
1
4
0
0
2
2
3
1
2
2
2
0
2
1
2
0
2
2
2
1
3
2
2
3
1
2
2
3
0
1
1
1
1
1
2
2
0
0
3
2
1
0
0
0
0
0
3
2
1
1
2
1
0
2
0
0
0
0
0
1
2
0
1
3
0
1
1
1
3
2
0
1
2
4
1
0
0
2
3
3
1
1
1
2
2
1
1
0
1
0
1
0
2
1
1
0
1
0
1
0
0
1
0
2
0
0
0
1
0
1
1
3
2
0
0
0
1
1
1
1
1
1
1
0
0
0
2
0
2
2
1
0
1
1
0
1
3
3
1
0
0
1
0
3
1
0
1
0
2
1
1
1
1
2
2
2
2
2
0
1
2
1
3
1
1
0
0
0
2
0
1
0
2
0
0
1
0
1
1
1
0
3
2
1
0
0
1
1
0
3
0
1
2
2
1
0
0
1
1
1
0
0
1
1
1
1
0
0
1
1
0
0
1
0
1
0
2
0
1
1
1
0
1
1
1
2
0
1
1
1
1
2
0
1
0
2
2
0
1
1
0
0
0
0
0
1
0
0
1
1
2
0
3
1
0
1
0
1
0
0
1
1
1
2
2
1
1
1
2
1
2
2
2
2
2
2
0
2
1
0
0
0
4
0
0
1
2
2
3
0
1
0
1
0
1
3
1
2
1
2
0
4
2
2
1
1
1
1
1
3
4
7
7
9
5
15
21
26
57
56
77
109
159
177
224
278
346
430
467
586
690
731
758
797
842
880
902
930
874
840
741
719
645
557
515
422
347
265
218
151
141
114
83
64
27
22
23
10
9
2
3
5
2
0
0
0
0
1
1
0
0
0
1
0
1
0
0
0
1
0
0
0
0
0
0
0
0
1
0
1
0
0
0
0
0
0
0
1
0
0
0
1
0
1
0
0
1
0
0
0
0
0
0
0
0
0
1
0
0
0
0
0
0
1
0
0
1
1
0
1
0
0
0
0
0
0
0
0
0
0
0
1
0
0
0
0
1
0
0
0
0
0
0
0
0
0
0
0
0
0
0
1
1
3
0
0
1
0
0
0
0
0
0
1
0
0
0
1
0
2
1
0
0
0
2
1
1
0
0
1
0
0
1
0
0
0
0
1
0
0
0
1
1
1
0
0
0
1
1
0
0
0
0
0
0
0
0
1
0
0
0
1
0
0
0
0
0
1
1
0
0
0
0
1
0
0
0
0
0
0
0
1
0
0
1
0
1
0
0
0
0
0
0
0
1
0
0
0
0
0
0
0
0
0
0
0
0
0
0
1
0
0
0
0
0
0
1
0
1
0
0
0
0
0
0
0
0
0
0
0
0
0
0
0
0
1
0
0
0
0
0
1
0
0
0
0
0
1
1
0
0
0
0
0
1
0
0
1
0
1
0
3
0
0
0
0
0
0
0
0
0
0
0
0
0
1
0
0
0
1
0
0
0
1
0
0
0
0
2
1
0
0
1
0
0
0
1
0
0
1
0
1
0
1
0
0
1
0
0
0
0
1
0
0
0
1
0
0
1
0
0
0
0
0
1
0
0
0
0
0
1
0
0
0
0
0
0
1
0
0
0
1
1
0
1
0
0
1
0
0
0
0
1
0
0
0
0
0
0
0
0
0
0
0
0
0
0
0
1
1
0
0
0
1
0
0
0
0
0
0
0
0
1
0
1
1
0
0
0
0
1
0
0
1
1
2
0
0
0
0
0
0
1
0
0
0
1
0
1
0
0
1
0
0
0
0
0
0
0
1
0
1
0
2
0
0
0
1
0
1
0
0
0
0
0
0
1
0
0
1
0
0
0
0
0
0
0
0
1
0
0
0
0
0
2
0
3
3
4
10
9
10
14
19
25
36
43
52
49
64
64
73
74
89
106
100
105
105
114
96
104
86
90
87
58
50
59
44
37
32
30
15
17
12
9
7
4
1
1
4
1
1
0
0
0
0
0
0
0
2
0
0
0
1
2
2
1
0
0
0
3
2
3
2
2
3
3
4
6
4
3
4
7
5
6
5
4
5
4
1
3
3
6
2
1
2
1
1
0
0
1
1
1
0
0
1
0
0
0
0
0
1
0
1
0
0
0
0
1
0
0
0
0
0
0
0
0
0
1
0
0
0
1
0
0
0
0
0
0
0
0
1
0
0
0
1
0
2
0
0
1
2
2
1
2
1
0
0
2
2
1
0
2
0
0
0
0
0
1
1
0
2
0
0
1
0
0
0
0
0
1
0
0
1
0
0
0
0
0
0
1
0
0
0
0
0
0
0
0
0
0
0
1
0
0
0
0
0
0
0
0
0
0
0
0
0
0
0
0
0
0
0
0
0
1
0
0
0
0
0
0
0
0
0
0
0
0
0
0
0
0
0
0
0
0
0
0
1
1
0
0
0
0
0
1
0
0
0
0
0
0
0
0
0
0
0
0
0
0
0
0
0
0
0
1
0
0
0
0
0
0
0
1
0
0
0
0
0
0
0
0
0
0
0
0
1
0
0
0
0
0
3
0
0
0
0
0
1
0
0
0
0
1
0
0
0
0
0
0
0
0
0
0
0
0
0
0
0
0
0
0
0
0
0
0
0
0
0
0
0
0
0
0
0
0
0
0
0
0
0
0
0
0
1
0
0
0
0
0
0
1
0
1
0
1
0
0
0
0
0
0
0
0
0
0
0
0
1
0
0
0
0
0
0
0
0
0
0
0
0
0
0
0
0
0
0
0
0
0
0
0
0
0
0
1
0
0
0
0
1
0
1
0
0
0
1
0
0
0
1
0
0
0
0
0
0
0
0
0
0
0
0
0
0
0
0
0
0
0
0
1
0
0
0
0
0
0
0
0
0
0
0
0
0
0
0
0
0
0
0
0
0
0
0
0
0
0
0
0
0
0
0
0
0
0
0
0
0
0
0
0
0
1
0
0
0
0
0
0
1
1
0
0
1
0
0
0
0
0
0
0
0
0
0
0
0
0
0
0
0
0
0
0
0
0
0
0
0
0
0
0
0
1
0
0
0
0
0
0
0
0
0
0
1
0
0
0
0
0
0
0
0
0
1
0
0
0
0
0
0
0
0
1
0
0
0
0
0
0
0
0
0
0
1
0
0
0
0
2
1
0
1
0
0
2
1
0
1
0
3
1
0
1
0
0
2
0
0
0
0
0
1
1
0
1
0
0
0
1
0
0
0
0
0
0
0
1
0
0
0
0
0
0
0
1
0
0
1
0
0
0
0
0
1
0
0
0
0
0
0
0
0
0
0
1
0
1
0
0
0
0
0
0
0
1
0
1
0
0
0
0
0
0
1
0
0
0
0
0
0
0
0
0
0
0
0
0
0
0
0
0
0
0
0
0
0
0
1
0
1
0
0
0
0
0
0
0
0
0
1
0
0
1
0
0
0
0
0
0
0
0
0
0
0
0
0
0
0
0
0
0
0
1
0
0
0
0
0
0
0
0
0
0
1
0
0
0
0
0
0
0
0
0
0
0
1
0
0
0
1
0
0
0
0
0
0
0
0
0
1
0
0
0
0
0
0
0
0
0
0
0
0
0
0
0
0
0
0
0
0
1
0
0
0
0
0
0
0
0
0
0
0
0
0
0
1
0
0
0
1
0
0
0
0
0
0
0
0
0
1
0
0
0
1
0
0
0
0
0
0
0
0
0
0
0
0
0
0
0
0
0
0
0
0
0
0
0
0
0
0
0
0
0
0
0
0
0
0
0
0
0
0
0
0
0
0
0
0
0
0
0
0
1
0
0
0
0
0
0
0
0
0
0
0
0
1
0
0
0
0
0
0
1
0
0
0
0
0
0
0
1
0
0
0
0
0
0
1
0
0
0
0
0
0
0
0
0
0
0
0
0
0
0
0
0
0
0
0
1
0
0
0
0
0
0
0
0
0
1
0
1
1
1
0
0
0
0
0
0
0
0
1
2
1
0
1
0
0
0
0
0
0
0
0
1
1
0
0
0
0
0
0
0
0
0
0
0
0
0
0
0
1
1
0
1
0
0
1
0
0
0
2
0
2
2
1
1
2
3
2
0
0
2
2
3
1
2
2
2
2
2
2
1
1
0
2
2
0
0
2
0
0
0
0
0
0
0
0
0
0
0
0
0
0
0
0
0
0
0
0
0
0
0
0
0
0
0
0
0
0
0
0
0
0
0
0
0
0
0
0
0
0
0
0
0
0
0
0
0
0
0
0
0
0
0
0
0
0
0
0
0
0
0
0
0
0
0
0
0
0
0
0
0
0
0
0
0
0
0
0
0
0
0
0
1
0
0
0
0
0
0
0
1
0
0
0
0
1
0
0
0
0
0
0
0
0
0
0
0
0
0
0
0
0
0
0
0
0
0
0
0
0
0
0
0
0
0
0
0
0
0
1
0
0
0
0
0
0
0
0
0
0
1
0
0
0
0
0
0
0
0
0
0
0
0
0
0
0
0
0
0
0
0
0
0
0
0
0
0
0
0
0
0
0
0
0
0
0
1
0
0
0
0
0
0
0
0
0
0
0
0
0
0
0
0
0
0
0
0
0
1
0
0
0
0
0
0
0
0
0
0
0
0
0
0
0
0
0
0
0
0
0
0
0
0
0
0
0
0
0
0
0
0
0
0
0
0
0
0
0
0
0
0
0
0
0
0
0
0
0
0
0
0
0
0
0
0
1
0
0
0
0
0
0
0
0
0
0
0
0
0
0
0
0
0
0
0
0
0
0
0
0
0
0
1
0
0
0
0
0
0
0
0
0
0
0
0
0
0
0
0
0
0
0
0
0
0
0
0
0
1
0
0
0
0
0
0
0
0
0
0
0
0
0
0
0
0
0
0
0
0
0
0
0
0
0
0
0
0
0
0
1
0
0
0
0
0
0
0
0
0
0
0
0
0
0
0
0
0
0
0
0
0
0
0
0
0
0
0
0
0
1
0
0
0
0
0
0
0
0
0
0
0
0
0
0
0
0
0
1
0
0
0
0
0
0
1
1
0
0
0
0
1
0
0
0
0
0
1
0
0
0
0
0
0
0
0
0
0
0
0
0
0
0
0
0
0
0
0
0
0
0
0
0
0
0
0
0
0
0
0
0
0
0
0
0
0
0
0
0
0
0
0
0
0
0
0
0
0
0
0
0
0
0
0
0
0
0
0
0
0
0
0
1
0
2
0
0
0
0
0
0
1
0
0
1
0
0
0
0
0
0
0
0
2
1
0
0
0
0
0
1
0
1
0
0
0
0
0
0
0
0
0
0
0
0
0
0
0
0
0
0
0
0
0
0
0
0
0
0
0
1
0
0
0
0
0
0
0
0
0
0
0
0
0
0
0
0
0
0
0
0
0
0
1
0
0
0
0
0
0
0
0
0
0
0
0
0
0
0
0
0
0
0
0
0
0
0
0
0
0
0
0
0
0
0
0
0
0
0
0
0
0
0
0
0
0
1
0
0
0
0
0
0
0
0
0
0
0
0
0
0
0
0
0
0
0
0
0
0
0
0
0
0
0
0
0
0
0
0
0
0
0
0
0
0
0
0
0
0
0
0
0
0
0
0
0
0
0
0
0
0
0
0
0
0
0
0
0
0
0
0
0
0
0
0
0
0
0
0
0
0
0
0
0
0
0
0
0
0
0
0
0
0
0
0
0
0
0
0
0
0
0
0
0
0
0
0
0
0
0
0
0
0
0
0
0
0
0
0
0
0
0
0
0
0
0
1
0
0
0
0
0
0
0
0
0
0
0
1
0
0
0
0
0
0
0
0
0
0
0
0
0
0
0
0
0
0
0
1
0
0
0
0
0
0
0
0
0
0
0
0
1
0
1
0
0
0
0
0
0
0
1
0
0
0
0
0
0
0
0
0
0
0
0
0
0
0
0
0
0
0
0
1
0
0
0
0
1
0
0
0
0
0
0
0
0
0
0
0
0
0
0
0
0
0
0
0
0
0
0
0
0
0
0
0
0
0
0
0
0
0
0
0
0
0
0
0
0
0
0
0
0
0
0
0
0
0
0
0
0
1
0
0
0
0
0
0
0
1
0
1
0
0
0
0
0
0
0
0
0
0
0
0
0
0
0
0
0
0
0
0
0
0
0
0
0
0
0
0
0
0
0
0
0
0
0
0
0
0
0
0
0
0
0
0
0
0
0
0
0
1
0
0
0
0
0
0
0
0
0
0
0
0
0
0
0
0
0
0
0
0
0
0
1
0
0
0
0
0
0
0
0
0
0
0
0
0
1
0
0
0
0
0
0
0
0
0
0
0
0
0
0
0
0
0
0
0
0
0
0
0
0
0
0
0
0
0
0
0
0
0
0
0
0
0
0
0
0
0
0
0
0
0
0
0
0
0
0
0
1
0
0
0
0
0
0
0
0
0
0
0
0
0
0
0
0
0
0
0
0
0
0
0
0
0
0
0
0
0
0
0
0
0
1
0
0
0
0
0
0
0
0
0
0
0
0
0
0
0
0
0
0
0
0
0
0
0
0
0
0
0
0
0
0
0
0
0
0
0
0
0
0
0
0
0
0
1
0
0
0
0
0
0
0
0
0
0
0
0
0
0
0
0
0
0
0
0
0
0
2
0
0
0
0
0
0
0
0
0
0
0
0
0
0
0
0
0
0
0
0
0
0
0
0
0
0
0
1
0
0
0
0
0
0
0
0
0
0
0
0
0
0
0
0
0
1
0
0
0
0
0
0
0
0
0
0
0
0
0
0
0
0
0
0
0
0
0
0
0
0
0
0
0
0
0
0
0
1
0
0
0
0
0
0
0
0
0
0
0
0
0
0
0
0
0
0
0
0
0
0
0
0
0
0
0
0
0
0
0
0
0
0
0
0
0
1
0
0
0
0
0
1
0
0
0
0
0
0
0
0
0
0
0
0
0
0
0
0
0
0
0
1
0
0
0
0
0
0
0
0
0
0
0
0
0
0
0
0
0
0
0
0
0
0
0
0
0
0
0
0
0
0
0
0
1
0
0
0
0
0
1
0
1
0
0
0
0
0
0
0
0
0
0
0
0
0
0
0
0
0
0
0
0
0
0
0
0
0
0
0
0
0
0
0
0
0
0
0
0
0
0
0
0
0
0
0
0
0
0
0
1
0
0
0
0
0
0
0
0
0
0
0
0
0
0
0
0
0
0
0
0
0
0
0
0
0
0
0
0
0
0
0
0
0
0
0
0
0
0
0
0
0
0
0
0
0
0
0
0
0
0
0
0
0
0
0
0
0
0
0
0
0
0
0
0
0
0
1
0
0
0
0
0
0
0
0
0
0
0
0
0
0
0
0
0
0
0
0
0
0
0
0
0
0
0
0
0
0
0
0
0
1
0
0
0
0
0
0
0
0
0
0
0
0
0
0
1
0
0
0
0
0
0
1
0
0
0
0
0
0
0
0
0
0
0
0
0
0
0
0
0
0
0
0
0
0
0
0
0
0
0
0
0
0
1
0
0
0
0
0
0
0
0
0
0
0
1
0
0
0
0
0
0
0
0
0
0
0
0
0
0
0
0
0
0
0
0
0
0
0
0
0
0
0
0
0
0
0
0
1
0
0
0
0
0
0
1
0
1
0
0
0
0
0
0
0
0
0
0
0
0
0
0
0
0
0
0
0
0
0
0
0
0
0
0
0
0
0
0
1
0
0
0
0
0
0
0
0
0
0
0
0
0
0
0
0
0
0
0
0
0
0
0
0
0
0
0
0
0
0
0
0
0
0
0
0
0
0
0
0
0
0
0
0
0
1
0
0
1
0
0
0
0
0
0
0
0
0
0
0
0
0
0
0
0
0
0
0
0
0
0
0
1
1
0
0
0
0
0
0
0
0
0
0
0
0
0
0
0
0
0
0
0
0
0
0
0
0
1
0
0
0
0
0
0
0
0
0
0
0
0
0
1
0
0
0
0
0
0
0
0
0
0
0
0
0
0
0
0
0
0
0
0
0
0
0
0
0
1
0
0
0
0
0
0
0
0
0
0
0
0
0
0
0
0
0
0
0
0
0
0
0
0
0
0
0
0
0
0
0
0
0
0
0
0
0
0
0
0
0
0
0
0
0
0
0
0
0
0
0
0
0
0
0
0
0
0
0
0
0
0
0
0
0
0
0
0
0
0
0
0
0
0
0
0
0
0
0
0
0
0
0
0
0
0
0
0
0
0
0
0
0
0
0
0
0
0
0
0
0
0
0
0
0
0
0
0
0
0
0
0
0
0
0
0
0
0
0
0
0
0
0
0
0
0
0
0
0
0
0
0
0
0
0
0
0
0
0
0
0
0
0
1
0
0
0
0
0
0
1
0
0
0
0
0
0
0
0
0
0
0
0
0
0
0
0
0
0
0
0
0
0
0
0
0
0
0
0
0
0
0
0
0
0
0
0
1
0
0
1
0
0
0
0
0
1
0
0
0
0
0
1
0
0
0
0
0
0
0
0
0
0
0
0
0
0
0
0
0
0
0
0
0
0
0
0
0
0
0
0
0
0
0
0
0
0
0
0
0
0
0
0
0
0
0
0
0
0
0
0
0
0
0
0
0
0
0
0
0
0
0
0
0
0
0
0
0
0
0
0
0
0
0
0
0
0
0
0
0
0
0
0
0
0
0
0
0
0
0
0
1
0
0
0
0
0
0
0
0
0
1
0
0
0
0
0
0
0
0
1
0
0
0
0
0
0
0
0
0
0
0
0
0
0
0
0
0
0
0
0
0
0
0
0
0
0
0
0
0
0
0
0
0
0
0
1
0
0
0
0
0
0
0
0
0
0
0
0
0
0
0
0
0
0
0
0
0
0
0
0
0
0
0
0
0
0
0
0
0
0
0
0
0
0
0
0
0
0
0
0
0
0
0
1
0
0
0
0
0
0
0
0
0
0
0
0
0
0
0
0
0
0
0
0
0
0
0
0
0
0
0
0
0
0
0
0
0
0
0
0
0
0
0
0
0
0
0
0
0
0
0
0
0
0
0
0
0
0
0
0
0
0
0
0
0
0
0
0
0
0
1
0
0
0
0
0
0
0
0
0
0
0
0
0
0
0
0
0
0
0
0
0
0
0
0
0
0
0
0
0
0
0
0
0
0
0
0
0
0
0
0
0
0
0
0
0
0
0
0
0
0
0
0
0
0
0
0
0
0
0
0
0
0
0
0
0
0
0
0
0
0
0
0
0
0
0
0
0
0
1
0
0
0
0
0
0
0
0
0
0
0
0
0
0
0
0
0
0
0
0
0
0
0
0
0
0
0
0
0
0
0
0
0
0
0
0
0
0
0
0
0
0
0
0
0
0
0
0
0
1
0
0
0
0
0
0
0
0
0
0
0
1
0
0
0
0
0
0
0
0
0
0
0
0
0
0
0
0
0
0
0
0
0
0
0
0
0
0
0
0
0
0
0
0
0
0
0
0
0
0
0
0
0
0
0
0
0
0
0
0
0
0
0
0
0
0
0
0
0
0
0
0
0
0
0
0
0
0
0
0
0
0
0
0
0
0
0
0
1
0
0
0
0
0
0
0
0
0
0
0
0
1
0
0
0
0
0
0
0
0
0
0
0
0
0
0
0
0
0
0
0
0
0
0
0
0
0
0
0
0
0
0
0
0
0
1
0
0
0
0
0
0
0
0
0
0
1
0
0
0
0
0
0
0
0
0
0
0
0
0
0
0
0
0
0
0
0
0
0
0
0
0
0
0
0
0
0
0
0
0
0
0
0
0
0
0
0
0
0
0
0
0
0
0
0
0
0
0
0
0
0
0
0
0
0
0
0
0
0
0
0
0
0
0
0
0
0
0
0
0
0
0
0
0
0
0
0
0
0
0
0
0
0
0
0
0
0
0
0
0
0
0
0
0
0
0
0
0
0
0
0
0
0
0
0
0
0
0
0
0
0
0
0
0
0
0
0
0
0
0
0
0
0
0
0
0
0
0
0
0
0
0
0
0
0
0
0
0
0
0
0
0
0
0
0
0
0
0
0
0
0
0
0
0
0
0
0
0
0
0
0
0
0
0
0
0
0
0
0
0
0
0
0
0
0
0
0
0
0
0
0
0
0
0
0
0
0
0
0
0
0
0
0
0
0
0
0
0
0
0
0
0
0
0
0
0
0
0
0
0
0
0
0
0
0
0
0
1
0
0
0
0
0
0
0
0
0
0
0
0
0
0
0
0
0
0
0
0
0
0
0
0
0
0
0
0
0
0
0
0
0
0
0
0
0
0
0
0
0
0
0
0
0
0
0
0
0
0
0
0
0
0
0
0
0
0
0
0
0
0
0
0
1
0
0
0
0
0
0
0
0
0
0
0
0
0
0
0
1
0
0
0
0
0
0
0
0
0
0
0
0
0
0
0
0
0
0
1
0
0
1
0
0
0
0
0
0
0
0
0
0
0
0
0
0
0
0
0
0
0
0
0
0
0
0
0
0
0
0
0
0
0
0
0
0
0
0
0
0
0
0
0
0
0
0
0
0
0
0
0
0
0
0
0
0
0
0
0
0
0
0
0
0
0
0
0
0
0
0
0
0
0
0
0
0
0
0
0
0
0
0
0
0
0
0
0
0
0
0
0
0
0
0
0
0
0
0
0
0
0
0
0
0
0
0
0
1
0
0
0
0
0
0
0
0
0
0
0
0
0
0
0
0
0
0
0
0
0
0
0
0
0
0
0
0
0
0
0
0
0
0
0
0
0
0
0
0
0
0
0
0
0
0
0
0
0
0
0
0
0
0
0
0
0
0
0
0
0
0
0
0
0
0
0
0
0
0
0
0
0
0
0
0
0
0
0
0
0
0
0
0
0
0
0
0
0
0
0
0
0
0
0
0
0
0
0
0
0
0
0
0
0
0
0
0
0
0
0
0
0
0
0
0
0
0
0
0
0
0
0
1
0
0
0
0
0
0
0
0
0
0
0
0
0
0
0
0
0
0
0
0
0
0
0
0
0
0
0
0
0
1
0
0
0
0
0
0
0
0
0
0
0
0
0
0
0
0
0
0
0
0
0
0
0
0
0
0
0
0
0
0
0
0
0
0
0
0
0
0
0
0
0
0
0
0
0
0
0
0
0
0
0
0
0
0
0
0
0
0
0
0
0
0
0
0
0
0
0
0
0
0
0
0
0
0
0
0
0
0
0
0
0
0
0
0
0
0
0
0
0
0
0
0
0
0
0
0
0
0
0
0
0
0
0
0
0
0
0
0
0
0
0
0
0
0
0
0
0
0
0
0
0
0
0
0
0
0
0
0
0
0
0
0
0
0
0
0
0
0
0
0
0
0
0
0
0
0
0
0
0
0
0
0
0
0
0
0
0
0
0
0
0
0
0
0
0
0
0
0
0
0
0
0
0
0
0
0
0
0
0
0
0
0
0
0
0
0
0
0
0
0
0
0
0
0
0
0
0
0
0
0
0
0
0
0
0
0
0
0
0
0
0
1
0
0
0
0
0
0
0
0
0
0
0
0
0
0
0
0
0
0
0
0
0
0
0
0
0
0
0
0
0
0
0
0
0
0
0
0
0
0
0
0
0
0
0
0
0
0
0
0
0
0
0
0
0
0
0
0
0
0
0
0
0
0
0
0
0
0
0
0
0
0
0
0
0
0
0
0
0
0
0
0
1
0
0
0
0
0
0
0
0
0
0
0
0
0
0
0
0
0
0
0
0
0
0
0
0
0
0
0
1
0
0
0
0
0
0
0
0
0
0
0
0
0
0
0
0
0
0
0
0
0
0
0
1
0
0
0
0
0
1
0
0
0
0
0
0
0
0
0
0
0
0
0
0
0
1
0
0
0
0
0
0
0
0
0
0
0
0
0
0
0
0
0
0
0
0
0
0
0
0
0
0
0
0
0
0
0
0
0
0
0
0
0
0
0
0
0
0
0
0
0
0
0
0
0
0
0
0
0
0
0
0
0
0
0
0
0
0
0
0
0
0
0
0
0
0
0
0
0
0
0
0
0
0
0
0
0
0
0
0
0
0
0
0
0
0
0
0
0
0
0
1
0
0
0
0
0
0
0
0
0
0
0
0
0
0
0
0
0
0
1
0
0
0
0
0
0
0
0
0
0
0
0
0
0
1
0
0
0
0
0
0
0
0
0
0
0
0
0
0
0
0
0
0
0
0
0
0
0
0
0
0
0
0
0
0
0
0
0
0
0
0
0
0
0
0
0
0
0
0
0
0
0
0
0
0
0
0
0
0
0
0
0
0
0
0
0
0
0
0
0
0
0
0
0
0
0
0
0
0
0
0
0
0
0
0
0
0
0
0
0
0
0
0
0
0
0
0
0
0
0
0
0
0
0
0
0
0
0
0
0
0
0
0
0
0
0
0
0
0
0
0
0
0
1
0
0
0
0
0
0
0
0
0
0
0
0
0
0
0
0
0
0
0
0
0
0
0
0
0
0
0
0
0
0
0
0
0
0
0
0
0
0
0
0
0
0
0
0
0
0
0
0
0
0
0
0
0
0
0
0
0
0
0
0
0
0
0
0
0
0
0
0
0
0
0
0
0
0
0
0
0
0
0
0
0
0
0
0
0
0
0
0
0
0
0
0
0
0
0
0
0
0
0
0
0
0
0
0
0
0
0
0
0
0
0
0
0
0
0
0
0
0
0
0
0
0
0
0
0
0
0
0
0
0
0
0
0
0
0
0
0
0
0
0
0
1
0
0
0
0
0
0
0
0
0
0
0
0
0
0
0
0
0
0
0
0
0
0
0
0
0
0
0
0
0
0
1
0
0
0
0
0
0
0
0
0
0
0
0
0
0
0
0
0
0
0
0
0
0
0
0
0
0
0
0
0
0
0
0
0
1
0
0
0
0
0
0
0
0
0
0
0
0
0
0
0
0
0
0
0
0
0
0
0
0
0
0
0
0
0
0
0
0
0
0
0
0
0
0
0
0
0
0
0
0
0
0
0
0
0
0
0
0
0
0
0
0
0
0
0
0
0
0
0
0
0
0
0
0
0
0
0
0
0
0
0
0
0
0
0
0
0
0
0
0
0
0
0
1
0
0
0
0
0
0
0
0
0
0
0
0
0
0
0
0
0
0
0
0
0
0
0
0
0
0
0
0
0
0
0
0
0
0
0
0
0
1
0
0
0
0
0
1
0
0
0
0
0
0
0
0
0
0
0
0
0
0
0
0
0
0
0
0
0
0
0
0
0
0
0
0
0
0
0
0
0
0
0
0
0
0
0
1
0
0
0
0
0
0
0
0
0
0
0
0
0
0
0
0
0
0
0
0
0
0
0
0
0
0
0
0
0
0
0
0
0
0
0
0
0
0
0
0
0
0
0
0
0
0
1
0
0
0
0
0
0
0
0
0
0
0
0
0
0
0
0
0
0
0
0
0
0
0
0
0
0
0
0
0
0
0
0
0
0
0
0
0
0
0
1
0
0
0
0
0
0
0
0
0
0
0
0
0
0
0
0
0
0
0
0
0
0
0
0
0
0
0
0
0
0
0
0
0
0
0
0
0
0
0
0
0
0
0
0
0
0
0
0
0
0
0
0
0
0
0
0
0
0
0
0
0
0
0
0
0
0
0
0
0
0
0
0
0
0
0
0
0
0
0
0
0
0
0
0
0
0
0
0
0
0
0
0
0
0
0
0
0
0
0
0
0
0
0
0
0
0
0
0
0
0
0
0
0
0
0
0
0
0
0
0
0
0
0
0
0
0
0
0
0
0
0
0
0
0
0
0
0
0
0
0
0
0
0
0
0
0
0
0
0
0
0
0
0
0
0
0
0
0
0
0
0
0
0
0
0
0
0
0
0
0
0
0
0
0
0
0
0
0
0
0
0
0
0
0
0
0
0
0
0
0
0
0
0
0
0
0
0
0
0
0
0
0
0
0
0
0
0
0
0
0
0
0
0
0
0
0
0
0
0
0
0
0
0
0
0
0
0
0
0
0
0
0
0
0
0
0
0
0
0
0
0
0
0
0
0
0
0
0
0
0
0
0
0
0
0
0
0
0
0
0
0
0
0
0
0
0
0
0
0
0
0
0
0
0
0
0
0
0
0
0
0
0
0
0
0
0
0
0
0
0
0
0
0
0
0
0
0
0
0
0
0
0
0
0
0
0
0
0
0
0
0
0
0
0
0
0
1
0
0
0
0
0
0
1
0
0
0
0
0
0
0
0
0
0
0
0
0
0
0
0
0
0
0
0
0
0
0
0
0
0
0
0
0
0
0
0
0
0
0
0
0
0
0
0
0
0
0
0
0
0
0
0
0
0
0
0
0
0
0
0
0
0
0
0
0
0
0
0
0
0
0
0
0
0
0
0
0
0
0
0
0
0
0
0
0
0
0
0
0
0
0
0
0
0
0
0
0
0
0
0
0
0
0
0
0
0
0
0
0
0
0
0
0
0
0
0
0
0
0
0
0
0
0
0
0
0
0
0
0
0
0
0
0
0
0
0
0
0
0
0
0
0
0
0
0
0
0
0
0
0
0
0
0
0
0
0
0
0
0
0
0
0
0
0
0
0
0
0
0
0
0
0
0
0
0
0
0
0
0
0
0
0
0
0
0
0
0
0
0
0
0
0
0
0
0
0
0
0
0
0
0
0
0
0
0
0
0
0
0
0
0
0
0
0
0
0
0
0
0
0
0
0
0
0
0
0
0
0
0
0
0
0
0
0
0
0
0
0
0
0
0
0
0
0
0
0
0
0
0
0
0
0
0
0
0
0
0
0
0
0
0
0
0
0
0
0
0
0
0
0
0
0
0
0
0
0
0
0
0
0
0
0
0
0
0
0
0
0
0
0
0
0
0
0
0
0
0
0
0
0
0
0
0
0
0
0
0
0
0
0
0
0
0
0
0
0
0
0
0
0
0
0
0
0
0
0
0
0
0
0
0
0
0
0
0
0
0
0
0
0
0
0
0
0
0
0
0
0
0
0
0
0
0
0
0
0
0
0
0
0
0
0
0
0
0
0
0
0
0
0
0
0
0
0
0
0
0
0
0
0
0
0
0
0
0
0
0
0
0
0
0
0
0
0
0
0
0
0
0
0
0
0
0
0
0
0
0
0
0
0
0
0
0
0
0
0
0
0
0
0
0
0
0
0
0
0
0
0
0
0
0
0
0
0
0
0
0
0
0
0
0
1
0
0
0
0
0
0
0
0
0
0
0
0
0
0
0
0
0
0
0
0
0
0
0
0
0
0
0
0
0
0
0
0
0
0
0
0
0
0
0
0
0
0
0
0
0
0
0
0
0
0
0
0
0
0
1
1
0
0
0
0
0
0
0
0
0
0
0
0
0
0
0
0
0
1
0
0
0
0
0
0
0
0
0
0
0
0
0
0
0
0
0
0
0
0
0
0
0
0
0
0
0
0
0
0
0
0
0
0
0
0
0
0
0
0
0
0
0
0
0
0
0
0
0
0
0
0
0
0
0
0
0
0
0
0
0
0
0
0
0
0
0
0
0
0
0
0
0
0
0
0
0
0
0
0
0
0
0
0
0
0
0
0
0
0
0
0
0
0
0
0
0
0
0
0
0
0
0
0
0
0
0
0
0
0
0
0
0
0
0
0
0
0
0
0
0
0
0
0
0
0
0
0
0
0
0
0
0
0
0
0
0
0
0
0
0
0
0
0
0
0
0
0
0
0
0
0
0
0
0
0
0
0
0
0
0
0
0
0
0
0
0
0
0
0
0
0
0
0
0
0
0
0
0
0
0
0
0
0
0
0
0
0
0
0
0
0
0
0
0
0
0
0
0
0
0
0
0
0
0
0
0
0
0
0
0
0
0
0
0
0
0
0
0
0
0
0
0
0
0
0
0
0
0
0
0
0
0
0
0
0
0
0
0
0
0
0
0
0
0
0
0
0
0
0
0
0
0
0
0
0
0
0
0
0
0
0
0
0
0
0
0
0
1
0
0
0
0
0
0
0
0
0
0
0
0
0
0
0
0
0
0
0
0
0
0
0
0
0
0
0
0
0
0
0
0
0
0
0
0
0
0
0
0
0
0
0
0
0
0
0
0
0
0
0
0
0
0
0
0
0
0
0
0
0
0
0
0
0
0
0
0
0
0
0
0
0
0
0
0
0
0
0
0
0
0
0
0
0
0
0
0
0
0
0
0
0
0
0
0
0
0
0
0
0
0
0
0
0
0
0
0
0
0
0
0
0
0
0
0
0
0
0
0
0
0
0
0
0
0
0
0
0
0
0
0
0
0
0
0
0
0
0
0
0
0
0
0
0
0
0
1
0
0
0
0
0
0
0
0
0
0
0
0
0
0
0
0
0
0
0
0
0
0
0
0
0
0
0
0
0
0
0
0
0
0
0
0
0
0
0
0
0
0
0
0
0
0
0
0
0
0
0
0
0
0
0
0
0
0
0
0
0
0
0
0
0
0
0
0
0
0
0
0
0
0
0
0
0
0
0
0
0
0
0
0
0
0
0
0
0
0
0
0
0
0
0
0
0
0
0
0
0
0
0
0
0
0
0
0
0
0
0
0
0
0
0
0
0
0
0
0
0
0
0
0
0
0
0
0
0
0
0
0
0
0
0
0
0
0
0
0
0
0
0
0
0
0
0
0
0
0
0
0
0
0
0
0
0
0
0
0
0
0
0
0
0
0
0
0
0
0
0
0
0
0
0
0
0
0
0
0
0
0
0
0
0
0
0
0
0
0
0
0
0
0
0
0
0
0
0
0
0
0
0
0
0
0
0
0
0
0
0
0
0
0
0
0
0
0
0
0
0
0
1
0
0
0
0
0
0
0
0
0
0
0
0
0
0
0
0
0
0
0
0
0
0
0
0
0
0
0
0
0
0
0
0
0
0
0
0
0
0
0
0
0
0
0
0
0
0
0
0
0
0
0
0
0
0
0
0
0
0
0
0
0
0
0
0
0
0
0
0
0
0
0
0
0
0
0
0
0
0
0
0
0
0
0
0
0
0
0
0
0
0
0
0
0
0
0
0
0
0
0
0
0
0
0
0
0
0
0
0
0
0
0
0
0
0
0
0
0
0
0
0
0
0
0
0
0
0
0
0
0
0
0
0
0
0
0
0
0
0
0
0
0
0
0
0
0
0
0
0
0
0
0
0
0
0
0
0
0
0
0
0
0
0
0
0
0
0
0
0
0
0
0
0
0
0
0
0
0
0
0
0
0
0
0
0
0
0
0
0
0
0
0
0
0
0
0
0
0
0
0
0
0
0
0
0
0
0
0
0
0
0
0
0
0
0
0
0
0
0
0
0
0
0
0
0
0
0
0
0
0
0
0
0
0
0
0
0
0
0
0
0
0
0
0
0
0
0
0
0
0
0
0
0
0
0
0
0
0
0
0
0
0
0
0
0
0
0
0
0
0
0
0
0
0
0
0
0
0
0
0
0
0
0
0
0
0
0
0
0
0
0
0
0
0
0
0
0
0
0
0
0
0
0
0
0
0
0
0
0
0
0
0
0
0
0
0
0
0
0
0
0
0
0
0
0
0
0
0
0
0
0
0
0
0
0
0
0
0
0
0
0
0
0
0
0
0
0
0
0
0
0
0
0
0
0
0
0
0
0
0
0
0
1
0
0
0
0
0
0
0
0
0
0
0
0
0
0
0
0
0
0
0
0
0
0
0
0
0
0
0
0
0
0
0
0
0
0
0
0
0
0
0
0
0
0
0
0
0
0
0
0
0
0
0
0
0
0
0
0
0
0
0
0
0
0
0
0
0
0
0
0
0
0
0
0
0
0
0
0
0
0
0
0
0
0
0
0
0
0
0
0
0
0
0
0
0
0
0
0
0
0
0
0
0
0
0
0
1
0
0
0
0
0
0
0
0
1
0
0
0
0
0
0
0
0
0
0
0
0
0
0
0
0
0
0
0
0
0
0
0
0
0
0
0
0
0
0
0
0
0
0
0
0
0
0
0
0
0
0
0
0
0
0
0
0
0
0
1
0
0
0
0
0
0
0
0
0
0
0
0
0
0
0
0
0
0
0
0
0
0
0
0
0
0
0
0
0
0
0
0
0
0
0
0
0
0
0
0
0
0
0
0
0
0
0
0
0
0
0
0
0
0
0
0
0
0
0
0
0
0
0
0
0
0
0
0
0
0
0
0
0
0
0
0
0
0
0
0
0
0
0
0
0
0
0
0
0
0
0
0
0
0
0
0
0
0
0
0
0
0
0
0
0
0
0
0
0
0
0
0
0
0
0
0
0
0
0
0
0
0
0
0
0
0
0
0
0
0
0
0
0
0
0
0
0
0
0
0
0
0
0
0
0
0
0
0
0
0
0
0
0
0
0
0
0
0
0
0
0
0
0
0
0
0
0
0
0
0
0
0
0
0
0
0
0
0
0
0
0
0
0
0
0
0
0
0
0
0
0
1
0
0
0
0
0
0
0
0
0
0
0
0
0
0
0
0
0
0
0
0
0
0
0
0
0
0
0
0
0
0
0
0
0
0
0
0
0
0
0
0
0
1
0
0
0
0
0
0
0
0
0
0
0
0
0
0
0
0
0
0
0
0
0
0
0
0
0
0
0
0
0
1
0
0
0
0
0
0
0
0
0
0
0
0
0
0
0
0
0
0
0
0
0
0
0
0
0
0
0
0
0
0
0
0
0
0
0
0
0
0
0
0
0
0
0
0
0
0
0
0
0
0
0
0
0
0
0
0
0
0
0
0
0
0
0
0
0
0
0
0
0
0
0
0
0
0
0
0
0
0
0
0
0
0
0
0
0
0
0
0
0
0
0
0
0
0
0
0
0
0
0
0
0
0
0
0
0
0
0
0
0
0
0
0
0
0
0
0
0
0
0
0
0
0
1
0
0
0
0
0
0
0
0
0
0
0
0
0
0
0
0
0
0
0
0
0
0
0
0
0
0
0
0
0
0
0
0
0
0
0
0
1
0
0
0
0
0
0
0
0
0
0
0
0
0
0
0
0
0
0
0
0
0
0
0
0
0
0
0
0
0
0
0
0
0
0
0
0
0
0
0
0
0
0
0
0
0
0
0
0
0
0
0
0
0
0
0
0
0
0
0
0
0
0
0
0
0
0
0
0
0
0
0
0
0
0
0
0
0
0
0
0
0
0
0
0
0
1
0
0
0
0
0
0
0
0
0
0
0
0
0
0
0
0
0
0
0
0
0
0
0
0
0
0
0
0
0
0
0
0
0
0
0
0
0
0
0
0
0
0
0
0
0
0
0
0
0
0
0
0
0
0
0
0
0
0
0
0
0
0
0
0
0
0
0
0
0
0
0
0
0
0
0
0
0
0
0
0
0
0
0
0
0
0
0
0
0
0
0
0
0
0
0
0
0
0
0
0
0
0
0
0
0
0
0
0
0
0
0
0
0
0
0
0
0
0
0
0
0
0
0
0
0
0
0
0
0
0
0
0
0
0
0
0
0
0
0
0
0
1
0
0
0
0
0
0
0
0
0
0
0
0
0
0
0
0
0
0
0
0
0
0
0
0
0
0
0
0
0
0
0
0
0
0
0
0
0
0
0
0
0
0
0
0
0
0
0
0
0
1
0
0
0
0
0
0
0
0
0
0
0
0
0
0
0
0
0
0
0
0
0
0
0
0
0
0
0
0
0
0
0
0
0
0
0
0
0
0
0
0
0
0
0
0
0
0
0
0
0
0
0
0
0
0
0
0
0
0
0
0
0
0
0
0
0
0
0
0
0
0
0
0
0
0
0
0
0
0
0
0
0
0
0
0
0
0
0
0
0
0
0
0
0
0
0
0
0
0
0
0
0
0
0
0
0
0
0
0
0
0
0
0
0
0
0
0
0
0
0
0
0
0
0
0
0
0
0
0
0
0
0
0
0
0
0
0
0
0
0
0
0
0
0
0
0
0
0
0
0
0
0
0
0
0
0
0
0
0
0
0
0
0
0
0
0
0
0
0
0
0
0
0
0
0
0
0
0
0
0
0
0
0
0
0
0
0
0
0
0
0
0
0
0
0
0
0
0
0
0
0
0
0
0
0
0
0
0
0
0
0
0
0
0
0
0
0
0
0
0
0
0
0
0
0
0
0
0
0
0
0
0
0
0
0
0
0
0
0
0
0
0
0
0
0
0
0
0
0
0
0
0
0
0
0
0
0
0
0
0
1
0
0
0
0
0
0
0
0
0
0
0
0
0
0
0
0
0
0
0
0
0
0
0
0
0
0
0
0
0
0
0
0
0
0
0
0
0
0
0
0
0
0
0
0
0
0
0
0
0
0
0
0
0
0
0
0
0
0
0
0
0
0
0
0
0
0
0
0
0
0
0
0
0
0
0
0
0
0
0
0
0
0
0
0
0
0
0
0
0
0
0
0
0
0
0
0
0
0
0
0
0
0
0
0
0
0
0
0
0
0
0
0
0
0
0
0
0
0
0
0
0
0
0
0
0
0
0
0
0
0
0
0
0
0
0
0
0
0
0
0
0
0
0
0
0
0
0
0
0
0
0
0
0
0
0
0
0
0
0
0
0
0
0
0
0
0
0
0
0
0
0
0
0
0
0
0
0
0
0
0
0
0
0
0
0
0
0
0
0
0
0
0
0
0
0
0
0
0
0
0
0
0
0
0
0
0
0
0
0
0
0
0
0
0
0
0
0
0
0
0
0
0
0
0
0
0
0
0
0
0
0
0
0
0
0
0
0
0
0
0
0
0
0
0
0
0
0
0
0
0
0
0
0
0
0
0
0
0
0
0
0
0
0
0
0
0
0
0
0
0
0
0
0
0
0
0
0
0
0
0
0
0
0
0
0
0
0
0
0
0
0
0
0
0
0
0
0
0
0
0
0
0
0
0
0
0
0
0
0
0
0
0
0
0
0
0
0
0
0
0
0
0
0
0
1
0
0
0
0
0
0
0
0
0
0
0
0
0
0
0
0
0
0
0
0
0
0
0
0
0
0
0
1
0
0
0
0
0
0
0
0
0
0
0
0
0
0
0
0
0
0
0
0
0
0
0
0
0
0
0
0
0
0
0
0
0
0
0
0
0
0
0
0
0
0
0
0
0
0
0
0
0
0
0
0
0
0
0
0
0
0
0
0
0
0
0
0
0
0
0
0
0
0
0
0
0
0
0
0
0
0
0
0
0
0
0
0
0
0
0
0
0
0
0
0
0
0
0
0
0
0
0
0
0
0
0
0
0
0
0
0
0
0
0
0
0
0
0
0
0
0
0
0
0
0
0
0
0
0
0
0
0
0
0
0
0
0
0
0
0
0
0
0
0
0
0
0
0
0
0
0
0
0
0
0
0
0
0
0
0
0
0
0
0
0
0
0
0
0
0
0
0
0
0
0
0
0
0
0
0
0
0
0
0
0
0
0
0
0
0
0
0
0
0
0
0
0
0
0
0
0
0
0
0
0
0
0
0
0
0
0
0
0
0
0
0
0
0
0
0
0
0
0
0
0
0
0
0
0
1
0
0
0
0
0
0
0
0
0
0
0
0
0
0
0
0
0
0
0
0
0
0
0
0
0
0
0
0
0
0
0
0
0
0
0
0
0
0
0
0
0
1
0
0
0
0
0
0
0
0
0
0
0
0
0
0
0
0
0
0
0
0
0
0
0
0
0
0
0
0
0
0
0
0
0
0
0
0
0
0
0
0
0
0
0
0
0
0
0
0
0
0
0
0
0
0
0
0
0
0
0
0
0
0
0
0
0
0
0
0
0
0
0
0
0
0
0
0
0
0
0
0
0
0
0
0
0
0
0
0
0
0
0
0
0
0
0
0
0
0
0
0
0
0
0
0
0
0
0
0
0
0
0
0
0
0
0
0
0
0
0
0
0
0
0
0
0
0
0
0
0
0
0
0
0
0
0
0
0
0
0
0
0
0
0
0
0
0
0
0
0
0
0
0
0
0
0
0
0
0
0
0
0
0
0
0
0
0
0
0
0
0
0
0
0
0
0
0
0
0
0
0
0
0
0
0
0
0
0
0
0
0
0
0
0
0
0
0
0
0
0
0
0
0
0
0
0
0
0
0
0
0
0
0
0
0
0
0
0
0
0
0
0
0
0
0
0
0
0
0
0
0
0
0
0
0
0
0
0
0
0
0
0
0
0
0
0
0
0
0
0
0
0
0
0
0
0
0
0
0
0
0
0
0
0
0
0
0
0
0
0
0
0
0
0
0
0
0
0
0
0
0
0
0
0
0
0
0
0
0
0
0
0
0
0
0
0
0
0
0
0
0
0
0
0
0
0
0
0
0
0
0
0
0
0
0
0
0
0
0
0
0
1
0
0
0
0
0
0
0
0
0
0
0
0
0
0
0
0
0
0
0
0
0
0
0
0
0
0
0
0
0
0
0
0
0
0
0
0
0
0
0
0
0
0
0
0
0
0
0
0
0
0
0
0
0
0
0
0
0
0
0
0
0
0
0
0
0
0
0
0
0
0
0
0
0
0
0
0
0
0
0
0
0
0
0
0
0
0
0
0
0
0
0
0
0
0
0
0
0
0
0
0
0
0
0
0
0
0
0
0
0
0
0
0
0
0
0
0
0
0
0
0
0
0
0
0
0
0
0
0
0
0
0
0
0
0
0
0
0
0
0
0
0
0
0
0
0
0
0
0
0
0
0
0
0
0
0
0
0
0
0
0
0
0
0
0
0
0
0
0
0
0
0
0
0
0
0
0
0
0
0
0
0
0
0
0
0
0
0
0
0
0
0
0
0
0
0
0
0
0
0
0
0
0
0
0
0
0
0
0
0
0
0
0
0
0
0
0
0
0
0
0
0
0
0
0
0
0
0
0
0
0
0
0
0
0
0
0
0
0
0
0
0
0
0
0
0
0
0
0
0
1
0
0
0
0
0
0
0
0
0
0
0
0
0
0
0
0
0
0
0
0
0
0
0
0
0
0
0
0
0
0
0
0
0
0
0
0
0
0
0
0
0
0
0
0
0
0
0
0
0
0
0
0
0
0
0
0
0
0
0
0
0
0
0
0
0
0
0
0
0
0
0
0
0
0
0
0
0
0
0
0
0
0
0
0
0
0
0
0
0
0
0
0
0
0
0
0
0
0
0
0
0
0
0
0
0
0
0
0
0
0
0
0
0
0
0
0
0
0
0
0
0
0
0
0
0
0
0
0
0
0
0
0
0
0
0
0
0
0
0
0
0
0
0
0
0
0
0
0
0
0
0
0
0
0
0
0
0
0
0
0
0
0
0
0
0
0
0
0
0
0
0
0
0
0
0
0
0
0
0
0
0
0
0
0
0
0
0
0
0
0
0
0
0
0
0
0
0
0
0
0
0
0
0
0
0
0
0
0
0
0
0
0
0
0
0
0
0
0
0
0
0
0
0
0
0
