voltage	current	time-1	-0.1275675	15194.58
-0.96	-0.1276126	15195.13
-0.92	-0.1273853	15195.67
-0.88	-0.127314	15196.22
-0.84	-0.1271769	15196.77
-0.8	-0.1273304	15197.31
-0.76	-0.1271933	15197.86
-0.72	-0.127387	15198.41
-0.68	-0.1271507	15198.96
-0.64	-0.1272781	15199.5
-0.6	-0.1270744	15200.05
-0.56	-0.1272309	15200.6
-0.52	-0.1272688	15201.15
-0.48	-0.1266977	15201.69
-0.44	-0.1269415	15202.24
-0.4	-0.1268212	15202.79
-0.36	-0.1269195	15203.33
-0.32	-0.127317	15203.88
-0.28	-0.1269204	15204.43
-0.24	-0.127042	15204.97
-0.2	-0.1269715	15205.52
-0.16	-0.1267184	15206.07
-0.12	-0.1267643	15206.62
-0.08	-0.1267918	15207.16
-0.04	-0.1267593	15207.71
0	-0.1272367	15208.26
0.04	-0.1270555	15208.8
0.08	-0.1268015	15209.35
0.12	-0.1271542	15209.9
0.16	-0.1267032	15210.44
0.2	-0.1267968	15210.99
0.24	-0.1269208	15211.54
0.28	-0.1266657	15212.08
0.32	-0.127066	15212.63
0.36	-0.126728	15213.18
0.4	-0.1271871	15213.73
0.44	-0.1270925	15214.27
0.48	-0.12695	15214.82
0.52	-0.1267512	15215.37
0.56	-0.1266437	15215.92
0.6	-0.127101	15216.46
0.64	-0.1271352	15217.01
0.68	-0.1271955	15217.56
0.72	-0.1268681	15218.1
0.76	-0.126969	15218.65
0.8	-0.1264467	15219.2
0.84	-0.1264379	15219.75
0.88	-0.1265619	15220.29
0.92	-0.1261008	15220.84
0.96	-0.1267791	15221.39
1	-0.1263936	15221.93
1.04	-0.1265091	15222.48
1.08	-0.1263559	15223.03
1.12	-0.1266429	15223.57
1.16	-0.1267699	15224.12
1.2	-0.1267517	15224.67
1.24	-0.126221	15225.21
1.28	-0.1264898	15225.76
1.32	-0.126877	15226.31
1.36	-0.1263826	15226.86
1.4	-0.1263856	15227.4
1.44	-0.1261865	15227.95
1.48	-0.1265117	15228.5
1.52	-0.1265695	15229.04
1.56	-0.1269315	15229.59
1.6	-0.1268103	15230.14
1.64	-0.1264548	15230.68
1.68	-0.1262038	15231.23
1.72	-0.1259659	15231.78
1.76	-0.1253335	15232.33
1.8	-0.1252394	15232.87
1.84	-0.1252466	15233.42
1.88	-0.1252331	15233.97
1.92	-0.1247396	15234.51
1.96	-0.1245855	15235.06
2	-0.1244565	15235.61
2.04	-0.1244788	15236.15
2.08	-0.1239659	15236.7
2.12	-0.1235427	15237.25
2.16	-0.1233875	15237.8
2.2	-0.1227906	15238.34
2.24	-0.1228223	15238.89
2.28	-0.1222409	15239.44
2.32	-0.1219959	15239.98
2.36	-0.1215937	15240.53
2.4	-0.1205219	15241.08
2.44	-0.1200752	15241.63
2.48	-0.1191256	15242.17
2.52	-0.118605	15242.72
2.56	-0.1178213	15243.27
2.6	-0.1164578	15243.81
2.64	-0.1152969	15244.36
2.68	-0.1140858	15244.91
2.72	-0.1120107	15245.45
2.76	-0.1092835	15246
2.8	-0.1054713	15246.55
2.84	-0.101141	15247.1
2.88	-0.09417706	15247.71
2.92	-0.0870217	15248.29
2.96	-0.07823136	15248.84
3	-0.06801207	15249.38
3.04	-0.05598957	15249.93
3.08	-0.04220611	15250.48
3.12	-0.02712867	15251.03
3.16	-0.01041658	15251.57
3.2	0.00690086	15252.19
3.24	0.02688361	15252.9
3.28	0.04748095	15253.46
3.32	0.06918794	15254.01
3.36	0.09274471	15254.56
3.4	0.1159749	15255.17
3.44	0.1410623	15255.75
3.48	0.1672739	15256.3
3.52	0.1942918	15256.85
3.56	0.2223562	15257.39
3.6	0.2511441	15257.94
3.64	0.2806201	15258.49
3.68	0.3109391	15259.03
3.72	0.3415841	15259.58
3.76	0.3727886	15260.13
3.8	0.4043975	15260.67
3.84	0.4363567	15261.22
3.88	0.4683988	15261.77
3.92	0.5008671	15262.32
3.96	0.5337518	15262.86
4	0.5670406	15263.41
4.04	0.6007766	15263.96
4.08	0.6350079	15264.51
4.12	0.6699228	15265.05
4.16	0.7051908	15265.6
4.2	0.7415853	15266.15
4.24	0.7793484	15266.69
4.28	0.8182304	15267.24
4.32	0.8569523	15267.79
4.36	0.8960055	15268.33
4.4	0.9363762	15268.88
4.44	0.9772374	15269.43
4.48	0.9999864	15269.98
4.52	0.9999797	15270.52
4.56	0.9999829	15271.07
4.6	0.9999835	15271.62
4.64	0.9999821	15272.17
4.68	0.9999821	15272.71
4.72	0.9999869	15273.26
4.76	0.9999823	15273.81
4.8	0.9999838	15274.35
4.84	0.9999855	15274.9
4.88	0.9999836	15275.45
4.92	0.999986	15275.99
4.96	0.9999849	15276.54
5	0.9999908	15277.09
5.04	0.9999889	15277.64
5.08	0.9999929	15278.18
5.12	0.9999925	15278.73
5.16	0.9999896	15279.28
5.2	0.999992	15279.82
5.24	0.9999911	15280.37
5.28	0.9999868	15280.92
5.32	0.9999941	15281.46
5.36	0.9999902	15282.01
5.4	0.9999955	15282.56
5.44	0.9999917	15283.11
5.48	0.9999961	15283.65
5.52	0.9999961	15284.2
5.56	0.9999924	15284.75
5.6	0.9999923	15285.29
5.64	0.9999947	15285.84
5.68	0.9999933	15286.39
5.72	0.9999951	15286.93
5.76	0.9999917	15287.48
5.8	0.9999961	15288.03
5.84	0.9999908	15288.58
5.88	0.9999945	15289.12
5.92	0.9999965	15289.67
5.96	0.9999951	15290.22
6	0.9999991	15290.76
6.04	0.9999937	15291.31
6.08	0.9999979	15291.86
6.12	0.9999964	15292.4
6.16	0.9999978	15292.95
6.2	0.9999996	15293.5
6.24	0.9999995	15294.05
6.28	0.9999999	15294.59
6.32	0.9999978	15295.14
6.36	0.9999993	15295.69
6.4	0.9999918	15296.23
6.44	0.9999972	15296.78
6.48	0.9999972	15297.33
6.52	0.9999934	15297.88
6.56	1	15298.42
6.6	1.000001	15298.97
6.64	1.000001	15299.52
6.68	1.000001	15300.06
6.72	0.9999927	15300.61
6.76	0.9999982	15301.16
6.8	1	15301.71
6.84	0.9999998	15302.25
6.88	1.000003	15302.8
6.92	0.9999995	15303.35
6.96	1.000002	15303.9
7	1.000002	15304.44
