voltage	current	time
-1	-0.0005890257	15402.91
-0.972	-0.0005902633	15403.47
-0.944	-0.0005860128	15404.02
-0.916	-0.0005788272	15404.57
-0.888	-0.0005713836	15405.12
-0.86	-0.00251509	15405.8
-0.832	-0.002561819	15406.36
-0.804	-0.002575214	15406.91
-0.776	-0.002578062	15407.45
-0.748	-0.002570175	15408
-0.72	-0.002563202	15408.55
-0.692	-0.002556596	15409.09
-0.664	-0.002555019	15409.64
-0.636	-0.002540097	15410.19
-0.608	-0.002534522	15410.74
-0.58	-0.002528015	15411.28
-0.552	-0.002515166	15411.83
-0.524	-0.002510783	15412.38
-0.496	-0.002502411	15412.92
-0.468	-0.002486894	15413.47
-0.44	-0.002481444	15414.02
-0.412	-0.002463728	15414.57
-0.384	-0.002458393	15415.11
-0.356	-0.002447831	15415.66
-0.328	-0.002438691	15416.21
-0.3	-0.002432467	15416.75
-0.272	-0.00241978	15417.3
-0.244	-0.002405219	15417.85
-0.216	-0.002397817	15418.39
-0.188	-0.002384145	15418.94
-0.16	-0.002377559	15419.49
-0.132	-0.002368421	15420.04
-0.104	-0.002352973	15420.58
-0.076	-0.002348164	15421.13
-0.048	-0.002330121	15421.67
-0.02	-0.002326272	15422.22
0.008	-0.002307243	15422.77
0.036	-0.002300298	15423.32
0.064	-0.002288512	15423.86
0.092	-0.002275032	15424.41
0.12	-0.002266154	15424.96
0.148	-0.002260005	15425.5
0.176	-0.002247243	15426.05
0.204	-0.002237703	15426.6
0.232	-0.002224817	15427.14
0.26	-0.002213381	15427.69
0.288	-0.002206928	15428.24
0.316	-0.002192206	15428.79
0.344	-0.002187766	15429.33
0.372	-0.002172697	15429.88
0.4	-0.002170521	15430.43
0.428	-0.002158458	15430.97
0.456	-0.002144937	15431.52
0.484	-0.002142071	15432.07
0.512	-0.002126225	15432.62
0.54	-0.002117723	15433.16
0.568	-0.002107566	15433.71
0.596	-0.002103635	15434.26
0.624	-0.002091466	15434.8
0.652	-0.002080705	15435.35
0.68	-0.002069162	15435.9
0.708	-0.002064273	15436.44
0.736	-0.002047923	15436.99
0.764	-0.002038642	15437.54
0.792	-0.002032717	15438.09
0.82	-0.0020201	15438.63
0.848	-0.002015391	15439.18
0.876	-0.002006749	15439.73
0.904	-0.001993808	15440.27
0.932	-0.001983484	15440.82
0.96	-0.001970064	15441.37
0.988	-0.001965621	15441.92
1.016	-0.001948782	15442.46
1.044	-0.001943373	15443.01
1.072	-0.001938012	15443.55
1.1	-0.001928368	15444.1
1.128	-0.001916955	15444.65
1.156	-0.001905305	15445.2
1.184	-0.001898462	15445.74
1.212	-0.00188595	15446.29
1.24	-0.001877297	15446.84
1.268	-0.001866405	15447.38
1.296	-0.001854008	15447.92
1.324	-0.001842297	15448.47
1.352	-0.001836219	15449.02
1.38	-0.001823526	15449.57
1.408	-0.001812017	15450.11
1.436	-0.001798426	15450.66
1.464	-0.00178383	15451.21
1.492	-0.001781383	15451.76
1.52	-0.001763249	15452.31
1.548	-0.001757256	15452.85
1.576	-0.001740324	15453.4
1.604	-0.001729465	15453.95
1.632	-0.001719234	15454.49
1.66	-0.001702734	15455.04
1.688	-0.0016907	15455.59
1.716	-0.001679567	15456.13
1.744	-0.001667641	15456.68
1.772	-0.001659665	15457.23
1.8	-0.001646234	15457.77
1.828	-0.00162942	15458.32
1.856	-0.001622972	15458.87
1.884	-0.001600394	15459.42
1.912	-0.001585745	15459.96
1.94	-0.00158013	15460.51
1.968	-0.001566035	15461.06
1.996	-0.001557822	15461.6
2.024	-0.00154535	15462.15
2.052	-0.001536497	15462.7
2.08	-0.001529731	15463.25
2.108	-0.001517946	15463.79
2.136	-0.001506645	15464.34
2.164	-0.001493547	15464.89
2.192	-0.001480517	15465.43
2.22	-0.001471606	15465.98
2.248	-0.001455419	15466.53
2.276	-0.001436282	15467.07
2.304	-0.001417542	15467.62
2.332	-0.00139298	15468.17
2.36	-0.001362982	15468.71
2.388	-0.00132774	15469.26
2.416	-0.001280689	15469.81
2.444	-0.001234051	15470.36
2.472	-0.001170261	15470.9
2.5	-0.001097257	15471.45
2.528	-0.001001782	15472
2.556	-0.0008907543	15472.61
2.584	-0.0007638586	15473.19
2.612	-0.0006145983	15473.74
2.64	-0.000424474	15474.29
2.668	-0.0002081545	15474.83
2.696	4.336228E-05	15475.45
2.724	0.0003660283	15476.16
2.752	0.0007484722	15476.72
2.78	0.001029619	15477.26
2.808	0.001745293	15477.95
2.836	0.002428001	15478.51
2.864	0.003225988	15479.06
2.892	0.004236485	15479.61
2.92	0.005451891	15480.16
2.948	0.006991899	15480.7
2.976	0.008884214	15481.25
3.004	0.01124355	15481.92
3.032	0.01412743	15482.49
3.06	0.01774821	15483.04
3.088	0.02209247	15483.59
3.116	0.02741547	15484.13
3.144	0.03351151	15484.68
3.172	0.04085683	15485.23
3.2	0.04913088	15485.78
3.228	0.0583308	15486.32
3.256	0.06841625	15486.87
3.284	0.07946239	15487.42
3.312	0.09148785	15487.96
3.34	0.1034994	15488.57
3.368	0.1170553	15489.11
3.396	0.1315258	15489.65
3.424	0.1465404	15490.2
3.452	0.1625208	15490.75
3.48	0.1791718	15491.3
3.508	0.1962426	15491.84
3.536	0.2140883	15492.39
3.564	0.2321533	15492.94
3.592	0.251131	15493.48
3.62	0.270488	15494.03
3.648	0.2904236	15494.58
3.676	0.3108476	15495.13
3.704	0.3314027	15495.67
3.732	0.3525291	15496.22
3.76	0.3740368	15496.77
3.788	0.3959211	15497.31
3.816	0.4178267	15497.86
3.844	0.4403813	15498.41
3.872	0.4632084	15498.95
3.9	0.4863674	15499.5
3.928	0.5098186	15500.05
3.956	0.5331737	15500.6
3.984	0.5570835	15501.14
4.012	0.5813496	15501.69
4.04	0.6061465	15502.24
4.068	0.6312708	15502.78
4.096	0.6562142	15503.33
4.124	0.6817356	15503.88
4.152	0.7074465	15504.42
4.18	0.7333624	15504.97
4.208	0.7597443	15505.52
4.236	0.7861238	15506.07
4.264	0.8130319	15506.61
4.292	0.8403403	15507.16
4.32	0.8677409	15507.71
4.348	0.8954275	15508.26
4.376	0.9228336	15508.8
4.404	0.9508151	15509.35
4.432	0.9790571	15509.9
4.46	0.9999803	15510.44
4.488	0.9999793	15510.99
4.516	0.9999804	15511.54
4.544	0.9999786	15512.08
4.572	0.9999804	15512.63
4.6	0.9999743	15513.18
4.628	0.9999807	15513.73
4.656	0.9999838	15514.27
4.684	0.9999806	15514.82
4.712	0.9999816	15515.37
4.74	0.9999815	15515.92
4.768	0.9999761	15516.46
4.796	0.999981	15517.01
4.824	0.9999794	15517.56
4.852	0.9999794	15518.1
4.88	0.9999884	15518.65
4.908	0.9999779	15519.2
4.936	0.999986	15519.74
4.964	0.9999862	15520.29
4.992	0.9999821	15520.84
5.02	0.9999817	15521.38
5.048	0.9999794	15521.93
5.076	0.9999812	15522.48
5.104	0.9999827	15523.03
5.132	0.9999842	15523.57
5.16	0.9999816	15524.12
5.188	0.9999804	15524.67
5.216	0.9999846	15525.21
5.244	0.9999874	15525.76
5.272	0.9999852	15526.31
5.3	0.999984	15526.86
5.328	0.9999807	15527.4
5.356	0.9999825	15527.95
5.384	0.9999807	15528.5
5.412	0.9999846	15529.04
5.44	0.9999824	15529.59
5.468	0.9999807	15530.14
5.496	0.9999867	15530.69
5.524	0.9999874	15531.23
5.552	0.9999883	15531.78
5.58	0.9999925	15532.33
5.608	0.9999868	15532.87
5.636	0.9999877	15533.42
5.664	0.9999842	15533.97
5.692	0.9999838	15534.52
5.72	0.9999818	15535.06
5.748	0.9999885	15535.61
5.776	0.9999821	15536.16
5.804	0.9999842	15536.7
5.832	0.9999858	15537.25
5.86	0.9999828	15537.8
5.888	0.9999872	15538.34
5.916	0.9999853	15538.89
5.944	0.9999793	15539.44
5.972	0.9999816	15539.99
6	0.9999823	15540.53
