voltage	current	time
-1	-0.001592964	15798.27
-0.98	-0.001596665	15798.85
-0.96	-0.001594951	15799.4
-0.94	-0.001597659	15799.94
-0.92	-0.001595555	15800.49
-0.9	-0.001593541	15801.04
-0.88	-0.001594885	15801.58
-0.86	-0.001593351	15802.13
-0.84	-0.001586622	15802.68
-0.82	-0.001586066	15803.22
-0.8	-0.001585235	15803.77
-0.78	-0.001581017	15804.32
-0.76	-0.001579354	15804.87
-0.74	-0.001572177	15805.41
-0.72	-0.001567087	15805.96
-0.7	-0.001561281	15806.51
-0.68	-0.001552821	15807.05
-0.66	-0.001546081	15807.6
-0.64	-0.001543507	15808.15
-0.62	-0.001536019	15808.69
-0.6	-0.001528094	15809.24
-0.58	-0.001523534	15809.79
-0.56	-0.001519012	15810.33
-0.54	-0.001510638	15810.88
-0.52	-0.001507656	15811.43
-0.5	-0.001497535	15811.98
-0.48	-0.001491263	15812.52
-0.46	-0.001485734	15813.07
-0.44	-0.001476952	15813.62
-0.42	-0.001471399	15814.17
-0.4	-0.001464673	15814.71
-0.38	-0.001459628	15815.26
-0.36	-0.001452827	15815.81
-0.34	-0.001448939	15816.35
-0.32	-0.001441456	15816.9
-0.3	-0.00143541	15817.45
-0.28	-0.001428485	15818
-0.26	-0.001424813	15818.54
-0.24	-0.001419841	15819.09
-0.22	-0.001410971	15819.64
-0.2	-0.001407338	15820.18
-0.18	-0.001397925	15820.73
-0.16	-0.001393707	15821.28
-0.14	-0.001389887	15821.83
-0.12	-0.001387712	15822.37
-0.1	-0.001386476	15822.92
-0.08	-0.001378676	15823.47
-0.06	-0.001374585	15824.01
-0.04	-0.001368171	15824.56
-0.02	-0.001365176	15825.11
0	-0.001355162	15825.65
0.02	-0.001350794	15826.2
0.04	-0.00134301	15826.75
0.06	-0.001333456	15827.3
0.08	-0.001326369	15827.84
0.1	-0.001317539	15828.38
0.12	-0.001311015	15828.93
0.14	-0.001307123	15829.48
0.16	-0.001296869	15830.03
0.18	-0.001297031	15830.57
0.2	-0.001293384	15831.12
0.22	-0.001286147	15831.67
0.24	-0.001283622	15832.22
0.26	-0.00127528	15832.77
0.28	-0.001273051	15833.31
0.3	-0.001264254	15833.86
0.32	-0.001260116	15834.41
0.34	-0.001258639	15834.95
0.36	-0.001253657	15835.5
0.38	-0.001249174	15836.05
0.4	-0.001241922	15836.59
0.42	-0.001237899	15837.14
0.44	-0.001228108	15837.69
0.46	-0.001222832	15838.24
0.48	-0.001217605	15838.78
0.5	-0.001211689	15839.33
0.52	-0.001207919	15839.88
0.54	-0.00120163	15840.42
0.56	-0.001200671	15840.97
0.58	-0.001194121	15841.52
0.6	-0.001189981	15842.07
0.62	-0.001185704	15842.61
0.64	-0.001178935	15843.16
0.66	-0.001174734	15843.71
0.68	-0.001170505	15844.25
0.7	-0.00116532	15844.8
0.72	-0.001161181	15845.35
0.74	-0.001155312	15845.89
0.76	-0.001152072	15846.44
0.78	-0.001148064	15846.99
0.8	-0.001146789	15847.54
0.82	-0.001140062	15848.08
0.84	-0.001137181	15848.63
0.86	-0.001129124	15849.18
0.88	-0.001125412	15849.72
0.9	-0.001122532	15850.27
0.92	-0.00111523	15850.82
0.94	-0.001111572	15851.36
0.96	-0.001107108	15851.91
0.98	-0.001102795	15852.46
1	-0.001101719	15853
1.02	-0.001092995	15853.55
1.04	-0.001089738	15854.1
1.06	-0.001082945	15854.65
1.08	-0.001081205	15855.19
1.1	-0.001077285	15855.74
1.12	-0.001073171	15856.29
1.14	-0.001068488	15856.83
1.16	-0.001062703	15857.38
1.18	-0.001060986	15857.93
1.2	-0.001055014	15858.47
1.22	-0.001055539	15859.02
1.24	-0.001048261	15859.57
1.26	-0.001046224	15860.12
1.28	-0.001044029	15860.66
1.3	-0.001037197	15861.21
1.32	-0.001034999	15861.76
1.34	-0.00103059	15862.3
1.36	-0.001027013	15862.85
1.38	-0.001022544	15863.4
1.4	-0.001017461	15863.94
1.42	-0.001014034	15864.49
1.44	-0.001009675	15865.04
1.46	-0.001006469	15865.59
1.48	-0.001002438	15866.13
1.5	-0.0009962886	15866.75
1.52	-0.0009921059	15867.52
1.54	-0.0009902655	15868.14
1.56	-0.0009847251	15868.91
1.58	-0.0009815048	15869.54
1.6	-0.0009789884	15870.31
1.62	-0.0009762446	15870.93
1.64	-0.000970995	15871.5
1.66	-0.000963092	15872.05
1.68	-0.000954397	15872.6
1.7	-0.000945818	15873.14
1.72	-0.0009355261	15873.7
1.74	-0.000923815	15874.24
1.76	-0.000909825	15874.79
1.78	-0.0008921579	15875.34
1.8	-0.0008735216	15875.88
1.82	-0.0008536028	15876.43
1.84	-0.0008262562	15876.98
1.86	-0.0007974266	15877.53
1.88	-0.00077221	15878.07
1.9	-0.000735676	15878.62
1.92	-0.0006983178	15879.17
1.94	-0.0006579721	15879.71
1.96	-0.0006054687	15880.26
1.98	-0.0005550215	15880.81
2	-0.0004974711	15881.35
2.02	-0.0004369267	15881.9
2.04	-0.0003713034	15882.45
2.06	-0.000298927	15883
2.08	-0.0002271321	15883.54
2.1	-0.0001426122	15884.09
2.12	-4.496406E-05	15884.71
2.14	3.326384E-05	15885.28
2.16	8.105329E-05	15885.82
2.18	0.0002423403	15886.51
2.2	0.0003654879	15887.08
2.22	0.0004868652	15887.62
2.24	0.0006272351	15888.17
2.26	0.0007687401	15888.72
2.28	0.0009198859	15889.26
2.3	0.001086575	15889.93
2.32	0.001264807	15890.51
2.34	0.001450676	15891.05
2.36	0.001651099	15891.6
2.38	0.001867051	15892.15
2.4	0.002100802	15892.7
2.42	0.002357831	15893.24
2.44	0.002630183	15893.79
2.46	0.002919981	15894.34
2.48	0.003236255	15894.88
2.5	0.003571267	15895.43
2.52	0.003942294	15895.98
2.54	0.004332344	15896.52
2.56	0.004760629	15897.07
2.58	0.005219885	15897.62
2.6	0.005715291	15898.17
2.62	0.006259783	15898.71
2.64	0.006833804	15899.26
2.66	0.007481246	15899.81
2.68	0.008164497	15900.35
2.7	0.008920842	15900.9
2.72	0.009741945	15901.45
2.74	0.01063472	15902.12
2.76	0.01161898	15902.69
2.78	0.01268088	15903.24
2.8	0.01386085	15903.79
2.82	0.0151239	15904.33
2.84	0.0165494	15904.88
2.86	0.01808226	15905.43
2.88	0.01976885	15905.97
2.9	0.02162211	15906.52
2.92	0.02361833	15907.07
2.94	0.02582465	15907.61
2.96	0.02820482	15908.16
2.98	0.03086378	15908.71
3	0.033677	15909.25
3.02	0.03680618	15909.8
3.04	0.04022305	15910.35
3.06	0.04383474	15910.9
3.08	0.04786202	15911.44
3.1	0.052098	15911.99
3.12	0.0567362	15912.54
3.14	0.06165734	15913.08
3.16	0.0669957	15913.63
3.18	0.07264381	15914.18
3.2	0.07873266	15914.73
3.22	0.08522179	15915.27
3.24	0.09196302	15915.82
3.26	0.0992398	15916.37
3.28	0.1058589	15916.98
3.3	0.1139363	15917.56
3.32	0.1222281	15918.11
3.34	0.1310383	15918.66
3.36	0.1403206	15919.2
3.38	0.1497345	15919.75
3.4	0.1597043	15920.3
3.42	0.1699253	15920.84
3.44	0.1806014	15921.39
3.46	0.1915402	15921.94
3.48	0.2030004	15922.48
3.5	0.2148082	15923.03
3.52	0.2267397	15923.58
3.54	0.2392095	15924.13
3.56	0.2517826	15924.67
3.58	0.2648639	15925.22
3.6	0.2780509	15925.77
3.62	0.2917048	15926.31
3.64	0.3054588	15926.86
3.66	0.3197069	15927.41
3.68	0.3341982	15927.96
3.7	0.3486991	15928.5
3.72	0.3636314	15929.05
3.74	0.3785209	15929.6
3.76	0.3938406	15930.14
3.78	0.4091939	15930.69
3.8	0.4250562	15931.24
3.82	0.4410979	15931.78
3.84	0.4571709	15932.33
3.86	0.4737149	15932.88
3.88	0.490177	15933.43
3.9	0.5070971	15933.97
3.92	0.5240018	15934.52
3.94	0.5413131	15935.07
3.96	0.5588629	15935.61
3.98	0.5762986	15936.16
4	0.5942799	15936.71
4.02	0.6119579	15937.25
4.04	0.6300728	15937.8
4.06	0.6480526	15938.35
4.08	0.6663401	15938.89
4.1	0.6846899	15939.44
4.12	0.7031814	15939.99
4.14	0.7219673	15940.54
4.16	0.7405244	15941.08
4.18	0.7594507	15941.63
4.2	0.7783298	15942.18
4.22	0.7973881	15942.72
4.24	0.8163969	15943.27
4.26	0.8356552	15943.82
4.28	0.8550562	15944.37
4.3	0.8741726	15944.91
4.32	0.8938018	15945.46
4.34	0.9132417	15946.01
4.36	0.9328925	15946.55
4.38	0.9524898	15947.1
4.4	0.9724026	15947.65
4.42	0.9923688	15948.2
4.44	0.9999809	15948.74
4.46	0.9999819	15949.29
4.48	0.9999855	15949.84
4.5	0.999984	15950.38
4.52	0.9999862	15950.93
4.54	0.9999871	15951.48
4.56	0.9999884	15952.03
4.58	0.9999893	15952.57
4.6	0.9999894	15953.12
4.62	0.9999916	15953.67
4.64	0.9999917	15954.21
4.66	0.9999914	15954.76
4.68	0.9999898	15955.31
4.7	0.9999916	15955.86
4.72	0.999988	15956.4
4.74	0.9999877	15956.95
4.76	0.9999898	15957.5
4.78	0.9999865	15958.04
4.8	0.9999903	15958.59
4.82	0.9999884	15959.14
4.84	0.9999916	15959.68
4.86	0.9999898	15960.23
4.88	0.9999877	15960.78
4.9	0.9999865	15961.33
4.92	0.9999899	15961.87
4.94	0.9999899	15962.42
4.96	0.9999967	15962.97
4.98	0.9999918	15963.51
5	0.9999959	15964.06
