Messtemperatur      21∞C
U-Bereich           -1V   bis 15V
Anzahl der Meﬂpunkte     200
delay nach Einstellen der Spannung  s
Strombegrenzung     0.01 A
Kontakt             x
Beleuchtung         d


voltage / V   current / A   time

-1	-0.002087577	4719.414
-0.92	-0.00208963	4719.963
-0.84	-0.002083879	4720.51
-0.76	-0.002079181	4721.056
-0.68	-0.00207495	4721.603
-0.6	-0.00206929	4722.149
-0.52	-0.002062334	4722.696
-0.44	-0.002052457	4723.243
-0.36	-0.002045065	4723.79
-0.28	-0.002036564	4724.337
-0.2	-0.002031404	4724.884
-0.12	-0.002020118	4725.431
-0.04	-0.002011892	4725.979
0.04	-0.001999388	4726.526
0.12	-0.001988499	4727.071
0.2	-0.001977712	4727.618
0.28	-0.001967493	4728.165
0.36	-0.001956915	4728.712
0.44	-0.001947296	4729.259
0.52	-0.001935333	4729.805
0.6	-0.001922898	4730.352
0.68	-0.001909552	4730.898
0.76	-0.001899131	4731.444
0.84	-0.001886617	4731.99
0.92	-0.00187505	4732.536
1	-0.001861686	4733.081
1.08	-0.001843598	4733.629
1.16	-0.001831885	4734.176
1.24	-0.001818134	4734.723
1.32	-0.001808026	4735.271
1.4	-0.001795174	4735.815
1.48	-0.001782195	4736.363
1.56	-0.001766025	4736.91
1.64	-0.001751871	4737.457
1.72	-0.001735681	4738.004
1.8	-0.001717703	4738.551
1.88	-0.001701446	4739.096
1.96	-0.001685439	4739.643
2.04	-0.001665478	4740.188
2.12	-0.001647759	4740.735
2.2	-0.001628639	4741.282
2.28	-0.001608088	4741.829
2.36	-0.001586932	4742.375
2.44	-0.001568303	4742.922
2.52	-0.001547828	4743.47
2.6	-0.001532524	4744.015
2.68	-0.001512409	4744.562
2.76	-0.001489716	4745.109
2.84	-0.001468005	4745.656
2.92	-0.00144301	4746.203
3	-0.00141997	4746.75
3.08	-0.001395556	4747.297
3.16	-0.001366504	4747.844
3.24	-0.001342287	4748.392
3.32	-0.001315795	4748.938
3.4	-0.001287465	4749.485
3.48	-0.001258664	4750.032
3.56	-0.00122829	4750.579
3.64	-0.001197583	4751.126
3.72	-0.001167249	4751.673
3.8	-0.001133368	4752.22
3.88	-0.001098192	4752.768
3.96	-0.001063222	4753.313
4.04	-0.001026523	4753.858
4.12	-0.0009658718	4754.474
4.2	-0.000946179	4755.053
4.28	-0.0009128693	4755.601
4.36	-0.0008741033	4756.147
4.44	-0.0008350083	4756.694
4.52	-0.0007920269	4757.24
4.6	-0.0007499853	4757.787
4.68	-0.0007080335	4758.334
4.76	-0.0006655887	4758.881
4.84	-0.0006215759	4759.428
4.92	-0.0005799353	4759.976
5	-0.0005388561	4760.521
5.08	-0.000495348	4761.069
5.16	-0.0004514986	4761.615
5.24	-0.0004099823	4762.162
5.32	-0.0003680417	4762.709
5.4	-0.0003263436	4763.256
5.48	-0.0002846095	4763.803
5.56	-0.000242859	4764.35
5.64	-0.0002036819	4764.896
5.72	-0.0001657804	4765.444
5.8	-0.0001290165	4765.991
5.88	-8.469159E-05	4766.61
5.96	-5.801332E-05	4767.186
6.04	-2.547409E-05	4767.731
6.12	5.034339E-06	4768.495
6.2	3.387898E-05	4769.074
6.28	6.25051E-05	4769.622
6.36	8.765273E-05	4770.161
6.44	0.0001104381	4770.847
6.52	0.0001322766	4771.413
6.6	0.0001532855	4771.96
6.68	0.0001710535	4772.507
6.76	0.0001878746	4773.055
6.84	0.0002033355	4773.6
6.92	0.0002182635	4774.146
7	0.0002315808	4774.692
7.08	0.0002438405	4775.24
7.16	0.0002557095	4775.788
7.24	0.0002668634	4776.335
7.32	0.0002783024	4776.882
7.4	0.0002889536	4777.429
7.48	0.0002993462	4777.976
7.56	0.0003094574	4778.523
7.64	0.000320009	4779.07
7.72	0.0003297616	4779.617
7.8	0.0003390306	4780.164
7.88	0.0003489173	4780.711
7.96	0.000358704	4781.259
8.04	0.0003682861	4781.803
8.12	0.0003781435	4782.35
8.2	0.0003874545	4782.896
8.28	0.0003970753	4783.443
8.36	0.000407151	4783.99
8.44	0.0004165953	4784.536
8.52	0.0004260829	4785.083
8.6	0.0004355247	4785.63
8.68	0.0004456954	4786.178
8.76	0.0004555748	4786.725
8.84	0.0004652896	4787.271
8.92	0.0004753469	4787.817
9	0.0004855481	4788.363
9.08	0.0004958116	4788.91
9.16	0.0005063354	4789.456
9.24	0.0005166176	4790.002
9.32	0.0005270836	4790.548
9.4	0.0005376486	4791.095
9.48	0.0005481318	4791.642
9.56	0.0005590808	4792.188
9.64	0.0005696573	4792.735
9.72	0.0005804453	4793.282
9.8	0.0005910091	4793.828
9.88	0.0006017503	4794.374
9.96	0.0006127753	4794.92
10.04	0.0006231808	4795.466
10.12	0.0006349155	4796.013
10.2	0.0006459606	4796.559
10.28	0.0006575558	4797.105
10.36	0.0006690364	4797.652
10.44	0.0006805203	4798.199
10.52	0.0006923069	4798.747
10.6	0.0007031369	4799.292
10.68	0.00071427	4799.84
10.76	0.0007254889	4800.387
10.84	0.0007373808	4800.934
10.92	0.0007491605	4801.48
11	0.0007606447	4802.026
11.08	0.0007725728	4802.573
11.16	0.0007848453	4803.119
11.24	0.0007979271	4803.665
11.32	0.0008103398	4804.211
11.4	0.0008216782	4804.758
11.48	0.0008342272	4805.303
11.56	0.0008463311	4805.85
11.64	0.0008587493	4806.396
11.72	0.000871111	4806.943
11.8	0.0008836403	4807.489
11.88	0.0008963213	4808.035
11.96	0.0009083393	4808.581
12.04	0.0009199932	4809.128
12.12	0.0009322329	4809.675
12.2	0.0009458759	4810.222
12.28	0.0009586881	4810.769
12.36	0.0009717158	4811.315
12.44	0.0009845685	4811.862
12.52	0.0009982467	4812.408
12.6	0.001010793	4812.954
12.68	0.001023741	4813.5
12.76	0.001037376	4814.047
12.84	0.001049762	4814.661
12.92	0.00106421	4815.24
13	0.001078009	4815.787
13.08	0.001092118	4816.334
13.16	0.001105632	4816.88
13.24	0.001120298	4817.427
13.32	0.001134357	4817.974
13.4	0.001147884	4818.521
13.48	0.001162283	4819.067
13.56	0.00117662	4819.613
13.64	0.001191	4820.159
13.72	0.001205715	4820.707
13.8	0.001220029	4821.253
13.88	0.001236143	4821.8
13.96	0.001251294	4822.347
14.04	0.001265508	4822.894
14.12	0.001281745	4823.44
14.2	0.001297332	4823.987
14.28	0.001313386	4824.534
14.36	0.001328859	4825.08
14.44	0.00134533	4825.627
14.52	0.001361931	4826.174
14.6	0.001377949	4826.719
14.68	0.001395453	4827.266
14.76	0.001411847	4827.813
14.84	0.001429541	4828.359
14.92	0.001446811	4828.905
15	0.001465134	4829.451
