wavelength	int
189.03	631
189.49	627
189.96	627
190.43	615
190.9	609
191.37	634
191.84	634
192.31	623
192.78	628
193.24	624
193.71	625
194.18	618
194.65	628
195.12	640
195.59	646
196.06	624
196.52	626
196.99	617
197.46	628
197.93	610
198.4	614
198.87	626
199.34	631
199.8	625
200.27	629
200.74	634
201.21	635
201.68	611
202.15	607
202.61	640
203.08	643
203.55	634
204.02	603
204.49	632
204.96	632
205.42	616
205.89	595
206.36	614
206.83	635
207.3	631
207.76	622
208.23	628
208.7	618
209.17	617
209.64	624
210.1	643
210.57	628
211.04	602
211.51	630
211.98	630
212.44	622
212.91	609
213.38	634
213.85	632
214.31	625
214.78	620
215.25	610
215.72	640
216.19	623
216.65	637
217.12	627
217.59	626
218.06	604
218.52	620
218.99	629
219.46	628
219.93	626
220.39	619
220.86	630
221.33	658
221.8	628
222.26	603
222.73	630
223.2	632
223.66	614
224.13	608
224.6	611
225.07	641
225.53	620
226	612
226.47	639
226.94	620
227.4	623
227.87	626
228.34	634
228.8	618
229.27	626
229.74	609
230.21	627
230.67	629
231.14	618
231.61	620
232.07	620
232.54	617
233.01	612
233.47	626
233.94	634
234.41	615
234.87	610
235.34	617
235.81	616
236.27	631
236.74	618
237.21	622
237.67	647
238.14	618
238.61	620
239.07	623
239.54	630
240.01	621
240.47	613
240.94	626
241.41	637
241.87	627
242.34	618
242.81	621
243.27	630
243.74	632
244.21	631
244.67	604
245.14	634
245.6	611
246.07	617
246.54	628
247	648
247.47	621
247.94	604
248.4	627
248.87	631
249.33	622
249.8	612
250.27	631
250.73	655
251.2	624
251.66	603
252.13	623
252.6	644
253.06	624
253.53	612
253.99	619
254.46	635
254.93	628
255.39	639
255.86	612
256.32	621
256.79	624
257.26	613
257.72	608
258.19	639
258.65	613
259.12	626
259.58	622
260.05	626
260.51	627
260.98	628
261.45	606
261.91	628
262.38	626
262.84	614
263.31	620
263.77	634
264.24	616
264.7	617
265.17	616
265.63	650
266.1	615
266.57	617
267.03	656
267.5	638
267.96	632
268.43	615
268.89	621
269.36	622
269.82	599
270.29	610
270.75	623
271.22	627
271.68	606
272.15	614
272.61	643
273.08	656
273.54	628
274.01	603
274.47	650
274.94	637
275.4	609
275.87	620
276.33	624
276.8	626
277.26	620
277.73	614
278.19	637
278.66	627
279.12	609
279.59	607
280.05	624
280.52	624
280.98	625
281.44	627
281.91	620
282.37	624
282.84	619
283.3	622
283.77	630
284.23	628
284.7	623
285.16	618
285.62	628
286.09	642
286.55	605
287.02	620
287.48	635
287.95	642
288.41	626
288.88	616
289.34	638
289.8	627
290.27	603
290.73	613
291.2	630
291.66	626
292.12	610
292.59	627
293.05	628
293.52	626
293.98	618
294.44	625
294.91	642
295.37	614
295.84	629
296.3	633
296.76	628
297.23	620
297.69	627
298.16	647
298.62	632
299.08	616
299.55	640
300.01	618
300.47	616
300.94	608
301.4	621
301.87	619
302.33	617
302.79	604
303.26	620
303.72	636
304.18	633
304.65	617
305.11	623
305.57	642
306.04	636
306.5	616
306.96	617
307.43	635
307.89	614
308.35	615
308.82	613
309.28	631
309.74	644
310.21	614
310.67	611
311.13	643
311.6	617
312.06	614
312.52	624
312.99	639
313.45	618
313.91	610
314.38	622
314.84	617
315.3	636
315.76	622
316.23	623
316.69	634
317.15	628
317.62	617
318.08	622
318.54	619
319	603
319.47	609
319.93	628
320.39	635
320.86	626
321.32	601
321.78	620
322.24	632
322.71	607
323.17	613
323.63	616
324.09	620
324.56	619
325.02	631
325.48	636
325.94	638
326.41	613
326.87	616
327.33	616
327.79	643
328.26	618
328.72	608
329.18	644
329.64	631
330.11	630
330.57	624
331.03	612
331.49	631
331.95	601
332.42	620
332.88	628
333.34	638
333.8	620
334.27	609
334.73	631
335.19	641
335.65	629
336.11	623
336.58	627
337.04	626
337.5	628
337.96	621
338.42	624
338.88	630
339.35	624
339.81	619
340.27	648
340.73	620
341.19	614
341.66	624
342.12	624
342.58	633
343.04	584
343.5	617
343.96	632
344.43	623
344.89	624
345.35	628
345.81	638
346.27	617
346.73	630
347.19	619
347.66	616
348.12	608
348.58	627
349.04	626
349.5	626
349.96	644
350.42	632
350.88	616
351.35	637
351.81	632
352.27	628
352.73	630
353.19	625
353.65	619
354.11	626
354.57	623
355.04	641
355.5	622
355.96	632
356.42	638
356.88	638
357.34	619
357.8	628
358.26	640
358.72	613
359.18	596
359.64	619
360.11	635
360.57	622
361.03	625
361.49	624
361.95	624
362.41	626
362.87	600
363.33	618
363.79	619
364.25	626
364.71	620
365.17	619
365.63	633
366.09	627
366.55	621
367.01	629
367.48	636
367.94	623
368.4	611
368.86	612
369.32	623
369.78	616
370.24	613
370.7	617
371.16	627
371.62	619
372.08	619
372.54	634
373	637
373.46	628
373.92	630
374.38	614
374.84	630
375.3	645
375.76	594
376.22	613
376.68	630
377.14	614
377.6	641
378.06	628
378.52	638
378.98	619
379.44	620
379.9	619
380.36	633
380.82	621
381.28	596
381.74	622
382.2	619
382.66	623
383.12	623
383.58	620
384.04	619
384.5	620
384.96	600
385.41	622
385.87	632
386.33	620
386.79	603
387.25	635
387.71	633
388.17	620
388.63	598
389.09	629
389.55	633
390.01	625
390.47	602
390.93	632
391.39	646
391.85	618
392.31	610
392.76	618
393.22	635
393.68	610
394.14	624
394.6	622
395.06	619
395.52	640
395.98	628
396.44	642
396.9	633
397.36	628
397.81	619
398.27	628
398.73	622
399.19	635
399.65	625
400.11	628
400.57	636
401.03	615
401.48	600
401.94	617
402.4	636
402.86	620
403.32	621
403.78	623
404.24	636
404.7	612
405.15	613
405.61	633
406.07	637
406.53	607
406.99	620
407.45	651
407.9	626
408.36	617
408.82	622
409.28	628
409.74	615
410.2	621
410.65	613
411.11	632
411.57	640
412.03	633
412.49	630
412.95	619
413.4	620
413.86	614
414.32	638
414.78	645
415.24	614
415.69	608
416.15	623
416.61	635
417.07	613
417.53	618
417.98	637
418.44	624
418.9	614
419.36	608
419.82	626
420.27	630
420.73	627
421.19	611
421.65	623
422.1	626
422.56	614
423.02	620
423.48	618
423.93	630
424.39	621
424.85	636
425.31	634
425.76	618
426.22	621
426.68	614
427.14	632
427.59	635
428.05	615
428.51	614
428.97	640
429.42	630
429.88	626
430.34	613
430.8	629
431.25	633
431.71	612
432.17	626
432.62	638
433.08	626
433.54	614
434	607
434.45	634
434.91	632
435.37	620
435.82	622
436.28	660
436.74	630
437.2	616
437.65	621
438.11	628
438.57	613
439.02	625
439.48	625
439.94	651
440.39	649
440.85	630
441.31	618
441.76	622
442.22	619
442.68	612
443.13	640
443.59	648
444.05	611
444.5	627
444.96	633
445.42	631
445.87	618
446.33	632
446.79	615
447.24	632
447.7	626
448.15	616
448.61	613
449.07	621
449.52	645
449.98	629
450.44	627
450.89	623
451.35	627
451.8	616
452.26	631
452.72	636
453.17	617
453.63	618
454.08	649
454.54	634
455	600
455.45	613
455.91	633
456.36	614
456.82	614
457.28	616
457.73	632
458.19	633
458.64	597
459.1	617
459.56	631
460.01	613
460.47	599
460.92	620
461.38	629
461.83	632
462.29	628
462.75	616
463.2	638
463.66	632
464.11	622
464.57	612
465.02	625
465.48	628
465.93	619
466.39	621
466.84	641
467.3	618
467.76	621
468.21	621
468.67	638
469.12	617
469.58	603
470.03	618
470.49	642
470.94	617
471.4	610
471.85	618
472.31	623
472.76	621
473.22	613
473.67	618
474.13	624
474.58	617
475.04	616
475.49	620
475.95	632
476.4	621
476.86	628
477.31	614
477.77	635
478.22	616
478.68	618
479.13	625
479.59	621
480.04	618
480.5	610
480.95	618
481.41	629
481.86	646
482.31	615
482.77	620
483.22	629
483.68	631
484.13	634
484.59	625
485.04	644
485.5	616
485.95	624
486.4	642
486.86	629
487.31	643
487.77	614
488.22	640
488.68	626
489.13	621
489.58	614
490.04	628
490.49	632
490.95	596
491.4	614
491.86	629
492.31	632
492.76	611
493.22	625
493.67	630
494.13	624
494.58	614
495.03	604
495.49	632
495.94	632
496.39	613
496.85	626
497.3	629
497.76	634
498.21	630
498.66	625
499.12	632
499.57	618
500.02	607
500.48	618
500.93	635
501.39	623
501.84	611
502.29	605
502.75	634
503.2	623
503.65	613
504.11	612
504.56	626
505.01	619
505.47	617
505.92	635
506.37	621
506.83	646
507.28	615
507.73	615
508.19	641
508.64	618
509.09	633
509.55	623
510	626
510.45	610
510.9	608
511.36	624
511.81	633
512.26	632
512.72	627
513.17	626
513.62	627
514.08	619
514.53	613
514.98	606
515.43	624
515.89	625
516.34	611
516.79	611
517.25	639
517.7	607
518.15	615
518.6	634
519.06	648
519.51	612
519.96	628
520.41	635
520.87	624
521.32	609
521.77	597
522.22	630
522.68	626
523.13	601
523.58	622
524.03	616
524.49	608
524.94	622
525.39	618
525.84	629
526.29	621
526.75	613
527.2	615
527.65	628
528.1	631
528.56	625
529.01	626
529.46	634
529.91	627
530.36	626
530.82	611
531.27	623
531.72	619
532.17	604
532.62	594
533.08	629
533.53	613
533.98	612
534.43	627
534.88	623
535.33	618
535.79	601
536.24	623
536.69	630
537.14	624
537.59	622
538.04	613
538.5	643
538.95	607
539.4	620
539.85	607
540.3	620
540.75	610
541.21	612
541.66	611
542.11	645
542.56	614
543.01	616
543.46	626
543.91	622
544.36	620
544.82	614
545.27	620
545.72	626
546.17	620
546.62	616
547.07	632
547.52	644
547.97	627
548.43	630
548.88	629
549.33	634
549.78	622
550.23	611
550.68	631
551.13	619
551.58	629
552.03	602
552.48	627
552.93	632
553.39	612
553.84	604
554.29	621
554.74	631
555.19	617
555.64	620
556.09	619
556.54	628
556.99	613
557.44	624
557.89	635
558.34	617
558.79	624
559.24	619
559.69	614
560.14	640
560.59	612
561.04	624
561.5	616
561.95	609
562.4	611
562.85	613
563.3	642
563.75	653
564.2	599
564.65	620
565.1	635
565.55	627
566	601
566.45	631
566.9	634
567.35	638
567.8	611
568.25	609
568.7	612
569.15	616
569.6	616
570.05	619
570.5	635
570.95	626
571.4	624
571.85	626
572.3	618
572.75	613
573.2	607
573.65	619
574.09	610
574.54	622
574.99	617
575.44	623
575.89	640
576.34	625
576.79	634
577.24	630
577.69	620
578.14	613
578.59	611
579.04	608
579.49	628
579.94	626
580.39	648
580.84	624
581.29	626
581.74	630
582.18	626
582.63	623
583.08	642
583.53	628
583.98	599
584.43	622
584.88	624
585.33	612
585.78	620
586.23	625
586.68	620
587.12	617
587.57	608
588.02	616
588.47	633
588.92	605
589.37	613
589.82	629
590.27	621
590.71	615
591.16	601
591.61	628
592.06	625
592.51	623
592.96	625
593.41	617
593.86	626
594.3	626
594.75	605
595.2	621
595.65	639
596.1	612
596.55	611
596.99	625
597.44	612
597.89	628
598.34	610
598.79	606
599.24	608
599.68	606
600.13	623
600.58	630
601.03	613
601.48	612
601.93	614
602.37	617
602.82	601
603.27	612
603.72	617
604.17	613
604.61	603
605.06	626
605.51	616
605.96	626
606.4	599
606.85	619
607.3	628
607.75	632
608.2	596
608.64	618
609.09	615
609.54	632
609.99	626
610.43	633
610.88	621
611.33	633
611.78	637
612.22	611
612.67	623
613.12	610
613.57	615
614.01	630
614.46	633
614.91	633
615.36	607
615.8	630
616.25	629
616.7	620
617.15	626
617.59	616
618.04	607
618.49	622
618.93	618
619.38	628
619.83	639
620.28	620
620.72	635
621.17	607
621.62	635
622.06	626
622.51	613
622.96	632
623.4	647
623.85	625
624.3	628
624.75	630
625.19	659
625.64	627
626.09	609
626.53	642
626.98	637
627.43	627
627.87	632
628.32	640
628.77	646
629.21	673
629.66	663
630.11	684
630.55	783
631	1073
631.45	3269
631.89	11347
632.34	11423
632.78	3356
633.23	1144
633.68	775
634.12	704
634.57	649
635.02	640
635.46	651
635.91	617
636.35	632
636.8	610
637.25	620
637.69	649
638.14	625
638.58	617
639.03	623
639.48	614
639.92	629
640.37	618
640.81	620
641.26	646
641.71	609
642.15	618
642.6	634
643.04	618
643.49	629
643.94	625
644.38	627
644.83	628
645.27	600
645.72	599
646.16	612
646.61	619
647.06	626
647.5	627
647.95	640
648.39	620
648.84	622
649.28	614
649.73	634
650.17	632
650.62	605
651.06	613
651.51	634
651.95	627
652.4	599
652.85	620
653.29	614
653.74	621
654.18	619
654.63	610
655.07	630
655.52	611
655.96	618
656.41	622
656.85	623
657.3	612
657.74	612
658.19	623
658.63	635
659.08	610
659.52	612
659.97	623
660.41	629
660.86	620
661.3	608
661.74	619
662.19	642
662.63	627
663.08	616
663.52	612
663.97	623
664.41	614
664.86	604
665.3	627
665.75	617
666.19	609
666.63	626
667.08	618
667.52	621
667.97	629
668.41	606
668.86	623
669.3	635
669.75	622
670.19	605
670.63	620
671.08	612
671.52	617
671.97	622
672.41	617
672.85	633
673.3	620
673.74	615
674.19	629
674.63	616
675.07	613
675.52	611
675.96	621
676.41	629
676.85	622
677.29	628
677.74	646
678.18	620
678.63	624
679.07	630
679.51	619
679.96	624
680.4	612
680.84	613
681.29	631
681.73	635
682.17	618
682.62	607
683.06	616
683.5	636
683.95	616
684.39	607
684.84	621
685.28	617
685.72	606
686.17	614
686.61	639
687.05	628
687.49	602
687.94	634
688.38	634
688.82	633
689.27	626
689.71	610
690.15	622
690.6	612
691.04	621
691.48	611
691.93	629
692.37	620
692.81	618
693.25	606
693.7	627
694.14	606
694.58	612
695.03	612
695.47	620
695.91	609
696.35	614
696.8	628
697.24	629
697.68	617
698.13	615
698.57	622
699.01	622
699.45	630
699.9	629
700.34	616
700.78	633
701.22	612
701.67	616
702.11	638
702.55	625
702.99	619
703.43	619
703.88	617
704.32	619
704.76	606
705.2	608
705.65	624
706.09	628
706.53	610
706.97	613
707.41	611
707.86	631
708.3	614
708.74	624
709.18	635
709.62	614
710.07	615
710.51	613
710.95	631
711.39	630
711.83	595
712.28	624
712.72	632
713.16	618
713.6	620
714.04	618
714.48	634
714.93	616
715.37	603
715.81	598
716.25	611
716.69	605
717.13	612
717.57	621
718.02	632
718.46	627
718.9	615
719.34	610
719.78	625
720.22	633
720.66	628
721.11	630
721.55	633
721.99	616
722.43	609
722.87	630
723.31	630
723.75	620
724.19	611
724.63	620
725.08	640
725.52	610
725.96	612
726.4	629
726.84	622
727.28	613
727.72	605
728.16	622
728.6	624
729.04	620
729.48	607
729.93	638
730.37	636
730.81	604
731.25	624
731.69	618
732.13	627
732.57	616
733.01	592
733.45	628
733.89	638
734.33	617
734.77	624
735.21	626
735.65	625
736.09	620
736.53	627
736.97	616
737.41	616
737.85	630
738.29	617
738.73	610
739.18	628
739.62	624
740.06	617
740.5	650
740.94	614
741.38	607
741.82	611
742.26	627
742.7	621
743.14	607
743.58	598
744.02	610
744.46	615
744.9	616
745.34	626
745.77	616
746.21	608
746.65	620
747.09	618
747.53	616
747.97	621
748.41	620
748.85	604
749.29	622
749.73	630
750.17	610
750.61	613
751.05	623
751.49	621
751.93	613
752.37	627
752.81	619
753.25	616
753.69	627
754.13	625
754.57	617
755	615
755.44	607
755.88	607
756.32	652
756.76	621
757.2	604
757.64	613
758.08	629
758.52	619
758.96	627
759.4	637
759.83	635
760.27	623
760.71	624
761.15	627
761.59	627
762.03	617
762.47	621
762.91	621
763.35	625
763.78	614
764.22	614
764.66	614
765.1	621
765.54	630
765.98	602
766.42	622
766.85	614
767.29	612
767.73	630
768.17	637
768.61	627
769.05	616
769.48	611
769.92	629
770.36	631
770.8	608
771.24	625
771.68	620
772.11	626
772.55	614
772.99	605
773.43	629
773.87	640
774.31	615
774.74	631
775.18	622
775.62	615
776.06	598
776.5	625
776.93	618
777.37	628
777.81	629
778.25	619
778.68	629
779.12	628
779.56	634
780	611
780.44	630
780.87	625
781.31	611
781.75	618
782.19	626
782.62	625
783.06	605
783.5	626
783.94	640
784.37	615
784.81	622
785.25	607
785.69	630
786.12	620
786.56	626
787	619
787.44	622
787.87	607
788.31	612
788.75	617
789.18	624
789.62	610
790.06	617
790.5	629
790.93	625
791.37	611
791.81	602
792.24	627
792.68	610
793.12	616
793.55	611
793.99	616
794.43	622
794.86	613
795.3	622
795.74	640
796.18	636
796.61	610
797.05	615
797.49	642
797.92	629
798.36	624
798.8	604
799.23	624
799.67	632
800.1	626
800.54	629
800.98	625
801.41	626
801.85	609
802.29	615
802.72	621
803.16	606
803.6	618
804.03	609
804.47	640
804.9	638
805.34	616
805.78	614
806.21	631
806.65	633
807.09	605
807.52	631
807.96	624
808.39	617
808.83	624
809.27	619
809.7	622
810.14	645
810.57	621
811.01	612
811.44	614
811.88	628
812.32	638
812.75	626
813.19	628
813.62	603
814.06	616
814.49	620
814.93	634
815.37	614
815.8	635
816.24	636
816.67	631
817.11	607
817.54	619
817.98	609
818.41	641
818.85	609
819.28	613
819.72	634
820.15	642
820.59	627
821.03	617
821.46	620
821.9	630
822.33	626
822.77	632
823.2	635
823.64	628
824.07	624
824.51	625
824.94	624
825.38	636
825.81	620
826.25	616
826.68	631
827.12	644
827.55	612
827.99	622
828.42	644
828.85	615
829.29	612
829.72	610
830.16	633
830.59	634
831.03	620
831.46	611
831.9	622
832.33	639
832.77	622
833.2	630
833.63	627
834.07	614
834.5	617
834.94	608
835.37	627
835.81	614
836.24	625
836.67	604
837.11	625
837.54	625
837.98	614
838.41	618
838.85	633
839.28	620
839.71	606
840.15	627
840.58	625
841.02	622
841.45	624
841.88	614
842.32	635
842.75	628
843.19	621
843.62	622
844.05	635
844.49	625
844.92	601
845.35	617
845.79	621
846.22	622
846.65	625
847.09	635
847.52	629
847.96	620
848.39	622
848.82	625
849.26	639
849.69	623
850.12	604
850.56	628
850.99	634
851.42	630
851.86	605
852.29	630
852.72	632
853.16	617
853.59	612
854.02	624
854.46	647
854.89	624
855.32	618
855.75	642
856.19	620
856.62	623
857.05	622
857.49	632
857.92	608
858.35	620
858.78	609
859.22	614
859.65	627
860.08	628
860.52	624
860.95	625
861.38	619
861.81	612
862.25	616
862.68	635
863.11	629
863.54	608
863.98	602
864.41	633
864.84	627
865.27	636
865.71	619
866.14	634
866.57	629
867	626
867.44	615
867.87	626
868.3	623
868.73	607
869.16	644
869.6	639
870.03	619
870.46	617
870.89	631
871.33	634
871.76	635
872.19	621
872.62	606
873.05	632
873.49	631
873.92	608
874.35	629
874.78	617
875.21	627
875.64	629
876.08	633
876.51	628
876.94	613
877.37	612
877.8	611
878.23	645
878.67	630
879.1	616
879.53	633
879.96	635
880.39	617
880.82	624
881.25	626
881.69	635
882.12	615
882.55	615
882.98	632
883.41	613
883.84	619
884.27	616
884.7	628
885.14	641
885.57	620
886	613
886.43	646
886.86	624
887.29	614
887.72	613
888.15	641
888.58	616
889.02	624
889.45	626
889.88	621
890.31	614
890.74	618
891.17	600
891.6	641
892.03	619
892.46	618
892.89	612
893.32	639
893.75	622
894.18	614
894.61	630
895.05	640
895.48	618
895.91	633
896.34	627
896.77	651
897.2	619
897.63	620
898.06	608
898.49	630
898.92	636
899.35	620
899.78	619
900.21	632
900.64	597
901.07	613
901.5	619
901.93	628
902.36	625
902.79	609
903.22	643
903.65	613
904.08	626
904.51	627
904.94	626
905.37	620
905.8	628
906.23	627
906.66	623
907.09	646
907.52	609
907.95	622
908.38	638
908.81	620
909.24	600
909.67	633
910.1	645
910.53	630
910.96	612
911.38	631
911.81	626
912.24	625
912.67	627
913.1	625
913.53	636
913.96	627
914.39	621
914.82	616
915.25	623
915.68	645
916.11	632
916.54	596
916.97	618
917.39	618
917.82	608
918.25	637
918.68	626
919.11	625
919.54	612
919.97	626
920.4	633
920.83	638
921.25	622
921.68	625
922.11	634
922.54	625
922.97	619
923.4	617
923.83	628
924.26	634
924.68	614
925.11	623
925.54	641
925.97	618
926.4	619
926.83	618
927.26	633
927.68	630
928.11	618
928.54	625
928.97	634
929.4	629
929.83	622
930.25	621
930.68	651
931.11	620
931.54	614
931.97	634
932.39	628
932.82	610
933.25	609
933.68	617
934.11	640
934.53	636
934.96	620
935.39	626
935.82	643
936.25	635
936.67	624
937.1	640
937.53	629
937.96	624
938.38	618
938.81	618
939.24	638
939.67	620
940.1	618
940.52	617
940.95	639
941.38	624
941.81	604
942.23	625
942.66	640
943.09	628
943.51	629
943.94	648
944.37	626
944.8	617
945.22	627
945.65	638
946.08	627
946.51	624
946.93	616
947.36	629
947.79	630
948.21	607
948.64	617
949.07	632
949.49	637
949.92	614
950.35	626
950.78	618
951.2	622
951.63	604
952.06	616
952.48	633
952.91	636
953.34	612
953.76	614
954.19	626
954.62	628
955.04	618
955.47	624
955.9	632
956.32	619
956.75	598
957.18	615
957.6	644
958.03	627
958.45	616
958.88	613
959.31	630
959.73	616
960.16	628
960.59	626
961.01	624
961.44	595
961.86	620
962.29	629
962.72	630
963.14	639
963.57	624
963.99	645
964.42	619
964.85	612
965.27	616
965.7	616
966.12	619
966.55	614
966.98	605
967.4	620
967.83	624
968.25	616
968.68	604
969.1	609
969.53	617
969.96	630
970.38	628
970.81	634
971.23	629
971.66	619
972.08	621
972.51	640
972.93	630
973.36	620
973.78	606
974.21	619
974.64	615
975.06	619
975.49	632
975.91	636
976.34	634
976.76	627
977.19	618
977.61	649
978.04	632
978.46	631
978.89	615
979.31	617
979.74	621
980.16	616
980.59	618
981.01	623
981.44	620
981.86	614
982.29	618
982.71	628
983.14	624
983.56	619
983.98	621
984.41	640
984.83	630
985.26	622
985.68	620
986.11	630
986.53	615
986.96	629
987.38	619
987.81	632
988.23	626
988.65	612
989.08	638
989.5	633
989.93	622
990.35	607
990.78	634
991.2	632
991.62	628
992.05	631
992.47	618
992.9	621
993.32	619
993.74	629
994.17	622
994.59	622
995.02	619
995.44	631
995.86	625
996.29	638
996.71	632
997.13	627
997.56	632
997.98	635
998.41	627
998.83	631
999.25	626
999.68	630
1000.1	612
1000.52	625
1000.95	619
1001.37	630
1001.79	630
1002.22	610
1002.64	634
1003.06	628
1003.49	620
1003.91	611
1004.33	630
1004.76	629
1005.18	605
1005.6	612
1006.03	630
1006.45	630
1006.87	621
1007.3	613
1007.72	625
1008.14	615
1008.57	623
1008.99	618
1009.41	642
1009.83	631
1010.26	616
1010.68	622
1011.1	633
1011.53	648
1011.95	610
1012.37	627
1012.79	638
1013.22	626
1013.64	618
1014.06	633
1014.48	626
1014.91	624
1015.33	619
1015.75	632
1016.17	624
1016.6	622
1017.02	616
1017.44	620
1017.86	638
1018.29	622
1018.71	619
1019.13	630
1019.55	647
1019.98	623
1020.4	613
1020.82	609
1021.24	628
1021.66	632
1022.09	617
1022.51	632
1022.93	613
1023.35	622
1023.77	606
1024.2	628
1024.62	642
1025.04	618
1025.46	604
1025.88	615
1026.31	628
1026.73	607
1027.15	624
1027.57	629
1027.99	610
1028.41	604
1028.84	628
1029.26	643
1029.68	619
1030.1	625
1030.52	630
1030.94	622
1031.36	632
1031.79	626
1032.21	610
1032.63	645
1033.05	626
1033.47	632
1033.89	599
1034.31	623
1034.73	608
1035.16	602
1035.58	624
1036	620
1036.42	605
1036.84	632
1037.26	631
1037.68	632
1038.1	632
1038.52	614
1038.95	629
1039.37	618
1039.79	621
1040.21	598
1040.63	623
1041.05	656
1041.47	624
1041.89	618
1042.31	604
1042.73	642
1043.15	626
1043.57	621
1043.99	618
1044.41	636
1044.83	637
1045.26	628
1045.68	619
1046.1	626
1046.52	629
1046.94	611
1047.36	623
1047.78	622
1048.2	607
1048.62	628
1049.04	628
1049.46	622
1049.88	613
1050.3	627
1050.72	618
1051.14	632
1051.56	616
1051.98	618
1052.4	644
1052.82	617
1053.24	617
1053.66	623
1054.08	637
1054.5	630
1054.92	615
1055.34	626
1055.76	641
1056.18	623
1056.6	611
1057.02	610
1057.44	627
1057.86	630
1058.28	616
1058.69	614
1059.11	641
1059.53	618
1059.95	606
1060.37	623
1060.79	630
1061.21	632
1061.63	631
1062.05	617
1062.47	632
1062.89	626
1063.31	609
1063.73	621
1064.15	634
1064.56	610
1064.98	608
1065.4	622
1065.82	642
1066.24	617
1066.66	628
1067.08	600
1067.5	629
1067.92	636
1068.34	602
1068.75	608
1069.17	634
1069.59	609
1070.01	608
1070.43	592
1070.85	632
1071.27	626
1071.69	614
1072.1	616
1072.52	641
1072.94	617
1073.36	618
1073.78	613
1074.2	627
1074.61	629
1075.03	635
1075.45	620
1075.87	623
1076.29	603
1076.71	623
1077.12	609
1077.54	635
1077.96	636
1078.38	611
1078.8	614
1079.22	625
1079.63	619
1080.05	609
1080.47	625
1080.89	644
1081.31	614
1081.72	625
1082.14	628
1082.56	638
1082.98	621
1083.39	610
1083.81	622
1084.23	630
1084.65	614
1085.07	635
1085.48	632
1085.9	633
1086.32	613
1086.74	614
1087.15	622
1087.57	622
1087.99	607
1088.41	608
1088.82	612
1089.24	633
1089.66	615
1090.08	614
1090.49	631
1090.91	619
1091.33	621
1091.74	613
1092.16	627
1092.58	616
1093	597
1093.41	614
1093.83	628
1094.25	638
1094.66	618
1095.08	634
1095.5	642
1095.91	615
1096.33	619
1096.75	615
1097.17	641
1097.58	625
1098	603
1098.42	620
