Nb_Si_8_11_19_mit_B_2

08.11.2019 11:14
Zeit	Temperatur	R_Probe_1	R_Thermometer	R_Probe_2
0.000000E+0	4.535057E+0	2.698000E-2	7.371430E+0	1.057980E+5
9.993639E-1	4.542155E+0	2.702000E-2	7.369030E+0	1.057980E+5
1.999334E+0	4.542273E+0	2.713000E-2	7.368990E+0	1.057980E+5
2.999650E+0	4.540527E+0	2.720000E-2	7.369580E+0	1.057980E+5
3.999795E+0	4.536977E+0	2.722000E-2	7.370780E+0	1.057980E+5
4.999345E+0	4.538840E+0	2.703000E-2	7.370150E+0	1.057980E+5
5.999634E+0	4.539284E+0	2.707000E-2	7.370000E+0	1.057980E+5
6.999407E+0	4.540379E+0	2.706000E-2	7.369630E+0	1.057980E+5
7.999517E+0	4.537539E+0	2.713000E-2	7.370590E+0	1.057980E+5
9.000003E+0	4.538604E+0	2.704000E-2	7.370230E+0	1.057980E+5
1.000086E+1	4.539047E+0	2.704000E-2	7.370080E+0	1.057980E+5
1.100073E+1	4.539757E+0	2.692000E-2	7.369840E+0	1.057980E+5
1.200001E+1	4.538367E+0	2.703000E-2	7.370310E+0	1.057980E+5
1.300096E+1	4.537805E+0	2.678000E-2	7.370500E+0	1.057980E+5
1.400123E+1	4.537450E+0	2.698000E-2	7.370620E+0	1.057980E+5
1.500088E+1	4.537923E+0	2.695000E-2	7.370460E+0	1.057980E+5
1.600177E+1	4.539106E+0	2.709000E-2	7.370060E+0	1.057980E+5
1.700175E+1	4.537835E+0	2.684000E-2	7.370490E+0	1.057980E+5
1.800149E+1	4.536298E+0	2.708000E-2	7.371010E+0	1.057980E+5
1.900090E+1	4.538101E+0	2.718000E-2	7.370400E+0	1.057980E+5
2.000180E+1	4.536918E+0	2.689000E-2	7.370800E+0	1.057980E+5
2.100212E+1	4.536445E+0	2.697000E-2	7.370960E+0	1.057980E+5
2.200230E+1	4.537391E+0	2.706000E-2	7.370640E+0	1.057980E+5
2.300228E+1	4.536711E+0	2.706000E-2	7.370870E+0	1.057980E+5
2.400200E+1	4.537628E+0	2.706000E-2	7.370560E+0	1.057980E+5
2.500246E+1	4.537302E+0	2.690000E-2	7.370670E+0	1.057980E+5
2.600227E+1	4.536770E+0	2.702000E-2	7.370850E+0	1.057980E+5
2.700244E+1	4.535529E+0	2.724000E-2	7.371270E+0	1.057980E+5
2.800203E+1	4.536711E+0	2.724000E-2	7.370870E+0	1.057980E+5
2.900206E+1	4.538574E+0	2.717000E-2	7.370240E+0	1.057980E+5
3.000198E+1	4.537096E+0	2.716000E-2	7.370740E+0	1.057980E+5
3.100206E+1	4.535175E+0	2.711000E-2	7.371390E+0	1.057980E+5
3.200206E+1	4.538722E+0	2.747000E-2	7.370190E+0	1.057980E+5
3.300206E+1	4.664772E+0	2.785000E-2	7.328530E+0	1.057980E+5
3.400234E+1	5.142542E+0	2.836000E-2	7.186190E+0	1.057980E+5
3.500196E+1	5.356316E+0	2.844000E-2	7.129400E+0	1.057980E+5
3.600149E+1	5.457326E+0	2.867000E-2	7.103860E+0	1.057980E+5
3.700168E+1	5.514050E+0	2.859000E-2	7.089860E+0	1.057980E+5
3.800220E+1	5.544884E+0	2.879000E-2	7.082350E+0	1.057980E+5
3.900171E+1	5.564535E+0	2.895000E-2	7.077600E+0	1.057980E+5
4.000190E+1	5.576590E+0	2.889000E-2	7.074700E+0	1.057980E+5
4.100178E+1	5.583426E+0	2.885000E-2	7.073060E+0	1.057980E+5
4.200236E+1	5.586140E+0	2.892000E-2	7.072410E+0	1.057980E+5
4.300281E+1	5.587602E+0	2.909000E-2	7.072060E+0	1.057980E+5
4.400254E+1	5.589817E+0	2.892000E-2	7.071530E+0	1.057980E+5
4.500244E+1	5.594963E+0	2.891000E-2	7.070300E+0	1.057980E+5
4.600319E+1	5.593791E+0	2.883000E-2	7.070580E+0	1.057980E+5
4.700286E+1	5.593288E+0	2.874000E-2	7.070700E+0	1.057980E+5
4.800294E+1	5.592577E+0	2.869000E-2	7.070870E+0	1.057980E+5
4.900283E+1	5.594712E+0	2.901000E-2	7.070360E+0	1.057980E+5
5.000239E+1	5.605993E+0	2.927000E-2	7.067670E+0	1.057980E+5
5.100242E+1	5.650735E+0	2.913000E-2	7.057090E+0	1.057980E+5
5.200225E+1	5.684017E+0	2.934000E-2	7.049310E+0	1.057980E+5
5.300298E+1	5.701256E+0	2.924000E-2	7.045310E+0	1.057980E+5
5.400222E+1	5.710255E+0	2.929000E-2	7.043230E+0	1.057980E+5
5.500296E+1	5.717453E+0	2.950000E-2	7.041570E+0	1.057980E+5
5.600235E+1	5.720146E+0	2.943000E-2	7.040950E+0	1.057980E+5
5.700231E+1	5.719755E+0	2.952000E-2	7.041040E+0	1.057980E+5
5.800289E+1	5.723797E+0	2.938000E-2	7.040110E+0	1.057980E+5
5.900542E+1	5.720711E+0	2.943000E-2	7.040820E+0	1.057980E+5
6.000533E+1	5.734208E+0	2.960000E-2	7.037720E+0	1.057980E+5
6.100533E+1	5.784345E+0	2.950000E-2	7.026310E+0	1.057980E+5
6.200530E+1	5.816897E+0	2.956000E-2	7.018990E+0	1.057980E+5
6.300528E+1	5.831672E+0	2.959000E-2	7.015690E+0	1.057980E+5
6.400526E+1	5.843943E+0	2.987000E-2	7.012960E+0	1.057980E+5
6.500526E+1	5.851290E+0	2.958000E-2	7.011330E+0	1.057980E+5
6.600522E+1	5.855217E+0	2.960000E-2	7.010460E+0	1.057980E+5
6.700521E+1	5.858064E+0	2.962000E-2	7.009830E+0	1.057980E+5
6.800518E+1	5.853727E+0	2.968000E-2	7.010790E+0	1.057980E+5
6.900518E+1	5.856663E+0	2.967000E-2	7.010140E+0	1.057980E+5
7.000576E+1	5.859737E+0	2.958000E-2	7.009460E+0	1.057980E+5
7.100513E+1	5.858245E+0	2.965000E-2	7.009790E+0	1.057980E+5
7.200510E+1	5.873242E+0	2.974000E-2	7.006480E+0	1.057980E+5
7.300516E+1	5.923956E+0	2.988000E-2	6.995390E+0	1.057980E+5
7.400507E+1	5.954486E+0	2.987000E-2	6.988790E+0	1.057980E+5
7.500558E+1	5.976761E+0	2.998000E-2	6.984010E+0	1.057980E+5
7.600511E+1	5.980878E+0	2.983000E-2	6.983130E+0	1.057980E+5
7.700514E+1	5.989640E+0	3.011000E-2	6.981260E+0	1.057980E+5
7.800495E+1	5.994569E+0	2.997000E-2	6.980210E+0	1.057980E+5
7.900498E+1	5.994616E+0	2.984000E-2	6.980200E+0	1.057980E+5
8.000495E+1	5.999647E+0	3.008000E-2	6.979130E+0	1.057980E+5
8.100583E+1	5.999929E+0	3.010000E-2	6.979070E+0	1.057980E+5
8.200659E+1	5.999694E+0	3.009000E-2	6.979120E+0	1.057980E+5
8.300683E+1	6.000588E+0	3.009000E-2	6.978930E+0	1.057980E+5
8.400684E+1	6.058748E+0	3.024000E-2	6.966670E+0	1.057980E+5
8.500697E+1	6.086302E+0	3.013000E-2	6.960930E+0	1.057980E+5
8.600742E+1	6.114309E+0	3.006000E-2	6.955140E+0	1.057980E+5
8.700685E+1	6.125494E+0	3.018000E-2	6.952840E+0	1.057980E+5
8.800709E+1	6.136420E+0	3.024000E-2	6.950600E+0	1.057980E+5
8.900682E+1	6.140380E+0	3.015000E-2	6.949790E+0	1.057980E+5
9.000732E+1	6.145077E+0	3.023000E-2	6.948830E+0	1.057980E+5
9.100679E+1	6.144196E+0	3.021000E-2	6.949010E+0	1.057980E+5
9.200672E+1	6.145028E+0	3.021000E-2	6.948840E+0	1.057980E+5
9.300693E+1	6.146400E+0	3.030000E-2	6.948560E+0	1.057980E+5
9.400656E+1	6.145861E+0	3.023000E-2	6.948670E+0	1.057980E+5
9.500670E+1	6.144686E+0	3.025000E-2	6.948910E+0	1.057980E+5
9.600705E+1	6.145126E+0	3.012000E-2	6.948820E+0	1.057980E+5
9.700668E+1	6.142434E+0	3.022000E-2	6.949370E+0	1.057980E+5
9.800636E+1	6.154491E+0	3.035000E-2	6.946910E+0	1.057980E+5
9.900668E+1	6.205852E+0	3.041000E-2	6.936520E+0	1.057980E+5
1.000068E+2	6.241111E+0	3.045000E-2	6.929470E+0	1.057980E+5
1.010069E+2	6.261872E+0	3.036000E-2	6.925350E+0	1.057980E+5
1.020068E+2	6.275794E+0	3.059000E-2	6.922600E+0	1.057980E+5
1.030070E+2	6.281783E+0	3.045000E-2	6.921420E+0	1.057980E+5
1.040065E+2	6.285646E+0	3.038000E-2	6.920660E+0	1.057980E+5
1.050070E+2	6.288444E+0	3.042000E-2	6.920110E+0	1.057980E+5
1.060072E+2	6.290735E+0	3.053000E-2	6.919660E+0	1.057980E+5
1.070074E+2	6.291295E+0	3.049000E-2	6.919550E+0	1.057980E+5
1.080079E+2	6.303435E+0	3.030000E-2	6.917170E+0	1.057980E+5
1.090074E+2	6.356792E+0	3.050000E-2	6.906800E+0	1.057980E+5
1.100079E+2	6.389368E+0	3.060000E-2	6.900540E+0	1.057980E+5
1.110074E+2	6.413168E+0	3.070000E-2	6.896000E+0	1.057980E+5
1.120074E+2	6.423172E+0	3.066000E-2	6.894100E+0	1.057980E+5
1.130071E+2	6.432833E+0	3.043000E-2	6.892270E+0	1.057980E+5
1.140072E+2	6.439975E+0	3.055000E-2	6.890920E+0	1.057980E+5
1.150071E+2	6.448510E+0	3.052000E-2	6.889310E+0	1.057980E+5
1.160075E+2	6.443472E+0	3.066000E-2	6.890260E+0	1.057980E+5
1.170073E+2	6.453396E+0	3.069000E-2	6.888390E+0	1.057980E+5
1.180078E+2	6.450846E+0	3.066000E-2	6.888870E+0	1.057980E+5
1.190073E+2	6.449094E+0	3.085000E-2	6.889200E+0	1.057980E+5
1.200069E+2	6.454672E+0	3.080000E-2	6.888150E+0	1.057980E+5
1.210071E+2	6.460630E+0	3.096000E-2	6.887030E+0	1.057980E+5
1.220073E+2	6.509921E+0	3.099000E-2	6.877830E+0	1.057980E+5
1.230070E+2	6.548338E+0	3.085000E-2	6.870740E+0	1.057980E+5
1.240069E+2	6.566403E+0	3.080000E-2	6.867430E+0	1.057980E+5
1.250071E+2	6.577414E+0	3.071000E-2	6.865420E+0	1.057980E+5
1.260074E+2	6.589666E+0	3.084000E-2	6.863190E+0	1.057980E+5
1.270071E+2	6.598866E+0	3.062000E-2	6.861520E+0	1.057980E+5
1.280074E+2	6.604220E+0	3.070000E-2	6.860550E+0	1.057980E+5
1.290071E+2	6.603060E+0	3.094000E-2	6.860760E+0	1.057980E+5
1.300071E+2	6.608917E+0	3.076000E-2	6.859700E+0	1.057980E+5
1.310075E+2	6.609415E+0	3.075000E-2	6.859610E+0	1.057980E+5
1.320069E+2	6.609912E+0	3.083000E-2	6.859520E+0	1.057980E+5
1.330068E+2	6.611185E+0	3.077000E-2	6.859290E+0	1.057980E+5
1.340072E+2	6.612236E+0	3.095000E-2	6.859100E+0	1.057980E+5
1.350073E+2	6.607369E+0	3.102000E-2	6.859980E+0	1.057980E+5
1.360072E+2	6.640004E+0	3.109000E-2	6.854100E+0	1.057980E+5
1.370072E+2	6.657767E+0	3.085000E-2	6.850920E+0	1.057980E+5
1.380069E+2	6.671393E+0	3.080000E-2	6.848490E+0	1.057980E+5
1.390069E+2	6.678533E+0	3.105000E-2	6.847220E+0	1.057980E+5
1.400069E+2	6.705749E+0	3.111000E-2	6.842400E+0	1.057980E+5
1.410068E+2	6.828793E+0	3.122000E-2	6.821010E+0	1.057980E+5
1.420068E+2	6.929897E+0	3.116000E-2	6.803910E+0	1.057980E+5
1.430068E+2	6.989095E+0	3.113000E-2	6.794090E+0	1.057980E+5
1.440072E+2	7.027948E+0	3.124000E-2	6.787720E+0	1.057980E+5
1.450070E+2	7.052160E+0	3.129000E-2	6.783780E+0	1.057980E+5
1.460070E+2	7.074529E+0	3.117000E-2	6.780160E+0	1.057980E+5
1.470071E+2	7.085013E+0	3.121000E-2	6.778470E+0	1.057980E+5
1.480066E+2	7.090669E+0	3.106000E-2	6.777560E+0	1.057980E+5
1.490069E+2	7.100756E+0	3.132000E-2	6.775940E+0	1.057980E+5
1.500070E+2	7.101566E+0	3.136000E-2	6.775810E+0	1.057980E+5
1.510065E+2	7.108743E+0	3.137000E-2	6.774660E+0	1.057980E+5
1.520066E+2	7.113805E+0	3.129000E-2	6.773850E+0	1.057980E+5
1.530065E+2	7.110305E+0	3.105000E-2	6.774410E+0	1.057980E+5
1.540066E+2	7.113867E+0	3.145000E-2	6.773840E+0	1.057980E+5
1.550068E+2	7.106245E+0	3.131000E-2	6.775060E+0	1.057980E+5
1.560065E+2	7.101566E+0	3.116000E-2	6.775810E+0	1.057980E+5
1.570067E+2	7.113930E+0	3.123000E-2	6.773830E+0	1.057980E+5
1.580062E+2	7.126769E+0	3.143000E-2	6.771780E+0	1.057980E+5
1.590066E+2	7.221643E+0	3.141000E-2	6.756820E+0	1.057980E+5
1.600069E+2	7.298105E+0	3.138000E-2	6.745000E+0	1.057980E+5
1.610067E+2	7.347985E+0	3.153000E-2	6.737400E+0	1.057980E+5
1.620068E+2	7.379184E+0	3.150000E-2	6.732690E+0	1.057980E+5
1.630069E+2	7.407994E+0	3.149000E-2	6.728370E+0	1.057980E+5
1.640066E+2	7.420523E+0	3.137000E-2	6.726500E+0	1.057980E+5
1.650064E+2	7.433290E+0	3.134000E-2	6.724600E+0	1.057980E+5
1.660067E+2	7.442788E+0	3.146000E-2	6.723190E+0	1.057980E+5
1.670064E+2	7.447511E+0	3.149000E-2	6.722490E+0	1.057980E+5
1.680068E+2	7.449131E+0	3.150000E-2	6.722250E+0	1.057980E+5
1.690064E+2	7.454537E+0	3.148000E-2	6.721450E+0	1.057980E+5
1.700067E+2	7.470589E+0	3.171000E-2	6.719080E+0	1.057980E+5
1.710061E+2	7.554210E+0	3.169000E-2	6.706870E+0	1.057980E+5
1.720067E+2	7.638347E+0	3.174000E-2	6.694810E+0	1.057980E+5
1.730063E+2	7.692317E+0	3.160000E-2	6.687190E+0	1.057980E+5
1.740062E+2	7.724202E+0	3.171000E-2	6.682730E+0	1.057980E+5
1.750063E+2	7.755007E+0	3.168000E-2	6.678450E+0	1.057980E+5
1.760064E+2	7.769399E+0	3.180000E-2	6.676460E+0	1.057980E+5
1.770062E+2	7.796570E+0	3.191000E-2	6.672720E+0	1.057980E+5
1.780058E+2	7.785654E+0	3.165000E-2	6.674220E+0	1.057980E+5
1.790060E+2	7.805540E+0	3.173000E-2	6.671490E+0	1.057980E+5
1.800068E+2	7.812334E+0	3.163000E-2	6.670560E+0	1.057980E+5
1.810068E+2	7.813723E+0	3.191000E-2	6.670370E+0	1.057980E+5
1.820073E+2	7.814235E+0	3.189000E-2	6.670300E+0	1.057980E+5
1.830073E+2	7.830572E+0	3.205000E-2	6.668070E+0	1.057980E+5
1.840070E+2	7.905731E+0	3.218000E-2	6.657910E+0	1.057980E+5
1.850070E+2	7.996896E+0	3.232000E-2	6.645800E+0	1.057980E+5
1.860070E+2	8.050393E+0	3.222000E-2	6.638800E+0	1.057980E+5
1.870069E+2	8.076284E+0	3.228000E-2	6.635440E+0	1.057980E+5
1.880070E+2	8.113355E+0	3.219000E-2	6.630660E+0	1.057980E+5
1.890073E+2	8.136063E+0	3.213000E-2	6.627750E+0	1.057980E+5
1.900074E+2	8.143421E+0	3.214000E-2	6.626810E+0	1.057980E+5
1.910074E+2	8.154007E+0	3.232000E-2	6.625460E+0	1.057980E+5
1.920070E+2	8.169102E+0	3.226000E-2	6.623540E+0	1.057980E+5
1.930070E+2	8.178324E+0	3.228000E-2	6.622370E+0	1.057980E+5
1.940070E+2	8.180691E+0	3.249000E-2	6.622070E+0	1.057980E+5
1.950069E+2	8.189855E+0	3.245000E-2	6.620910E+0	1.057980E+5
1.960068E+2	8.186456E+0	3.226000E-2	6.621340E+0	1.057980E+5
1.970069E+2	8.195156E+0	3.235000E-2	6.620240E+0	1.057980E+5
1.980072E+2	8.197611E+0	3.235000E-2	6.619930E+0	1.057980E+5
1.990064E+2	8.202841E+0	3.279000E-2	6.619270E+0	1.057980E+5
2.000067E+2	8.283492E+0	3.687000E-2	6.609180E+0	1.057980E+5
2.010067E+2	8.365714E+0	3.837000E-2	6.599060E+0	1.057980E+5
2.020068E+2	8.418912E+0	3.910000E-2	6.592600E+0	1.057980E+5
2.030070E+2	8.459554E+0	3.964000E-2	6.587710E+0	1.057980E+5
2.040069E+2	8.487922E+0	3.996000E-2	6.584320E+0	1.057980E+5
2.050068E+2	8.515435E+0	3.991000E-2	6.581050E+0	1.057980E+5
2.060069E+2	8.532504E+0	4.018000E-2	6.579030E+0	1.057980E+5
2.070071E+2	8.550905E+0	4.049000E-2	6.576860E+0	1.057980E+5
2.080063E+2	8.550650E+0	4.074000E-2	6.576890E+0	1.057980E+5
2.090065E+2	8.571930E+0	4.065000E-2	6.574390E+0	1.057980E+5
2.100064E+2	8.570309E+0	4.070000E-2	6.574580E+0	1.057980E+5
2.110064E+2	8.576452E+0	4.095000E-2	6.573860E+0	1.057980E+5
2.120072E+2	8.574319E+0	4.079000E-2	6.574110E+0	1.057980E+5
2.130080E+2	8.578758E+0	4.092000E-2	6.573590E+0	1.057980E+5
2.140077E+2	8.580723E+0	4.118000E-2	6.573360E+0	1.057980E+5
2.150077E+2	8.580979E+0	4.100000E-2	6.573330E+0	1.057980E+5
2.160075E+2	8.593554E+0	4.206000E-2	6.571860E+0	1.057980E+5
2.170079E+2	8.591328E+0	4.345000E-2	6.572120E+0	1.057980E+5
2.180080E+2	8.658540E+0	4.378000E-2	6.564320E+0	1.057980E+5
2.190084E+2	8.738149E+0	4.390000E-2	6.555210E+0	1.057980E+5
2.200083E+2	8.792136E+0	4.399000E-2	6.549110E+0	1.057980E+5
2.210089E+2	8.854591E+0	4.384000E-2	6.542130E+0	1.057980E+5
2.220090E+2	8.875513E+0	4.400000E-2	6.539810E+0	1.057980E+5
2.230089E+2	8.901961E+0	4.393000E-2	6.536890E+0	1.057980E+5
2.240094E+2	8.917511E+0	4.400000E-2	6.535180E+0	1.057980E+5
2.250091E+2	8.931918E+0	4.398000E-2	6.533600E+0	1.057980E+5
2.260090E+2	8.943069E+0	4.389000E-2	6.532380E+0	1.057980E+5
2.270093E+2	8.955985E+0	4.391000E-2	6.530970E+0	1.057980E+5
2.280093E+2	8.960940E+0	4.404000E-2	6.530430E+0	1.057980E+5
2.290091E+2	8.966819E+0	4.389000E-2	6.529790E+0	1.057980E+5
2.300096E+2	8.968473E+0	4.400000E-2	6.529610E+0	1.057980E+5
2.310091E+2	8.971415E+0	4.379000E-2	6.529290E+0	1.057980E+5
2.320090E+2	8.971967E+0	4.371000E-2	6.529230E+0	1.057980E+5
2.330091E+2	8.975464E+0	4.373000E-2	6.528850E+0	1.057980E+5
2.340095E+2	8.961399E+0	4.370000E-2	6.530380E+0	1.057980E+5
2.350096E+2	8.991965E+0	4.377000E-2	6.527060E+0	1.057980E+5
2.360088E+2	8.983386E+0	4.389000E-2	6.527990E+0	1.057980E+5
2.370088E+2	8.981358E+0	4.395000E-2	6.528210E+0	1.057980E+5
2.380095E+2	8.987258E+0	4.383000E-2	6.527570E+0	1.057980E+5
2.390088E+2	8.987996E+0	4.364000E-2	6.527490E+0	1.057980E+5
2.400093E+2	9.056791E+0	4.376000E-2	6.520080E+0	1.057980E+5
2.410090E+2	9.135362E+0	4.387000E-2	6.511730E+0	1.057980E+5
2.420094E+2	9.193667E+0	4.385000E-2	6.505610E+0	1.057980E+5
2.430089E+2	9.232589E+0	4.369000E-2	6.501560E+0	1.057980E+5
2.440090E+2	9.267902E+0	4.406000E-2	6.497910E+0	1.057980E+5
2.450093E+2	9.299434E+0	4.376000E-2	6.494670E+0	1.057980E+5
2.460087E+2	9.319673E+0	4.403000E-2	6.492600E+0	1.057980E+5
2.470091E+2	9.350512E+0	4.391000E-2	6.489460E+0	1.057980E+5
2.480091E+2	9.338313E+0	4.382000E-2	6.490700E+0	1.057980E+5
2.490087E+2	9.350906E+0	4.394000E-2	6.489420E+0	1.057980E+5
2.500088E+2	9.353664E+0	4.392000E-2	6.489140E+0	1.057980E+5
2.510088E+2	9.382411E+0	4.393000E-2	6.486230E+0	1.057980E+5
2.520087E+2	9.366883E+0	4.408000E-2	6.487800E+0	1.057980E+5
2.530089E+2	9.368464E+0	4.397000E-2	6.487640E+0	1.057980E+5
2.540091E+2	9.386176E+0	4.409000E-2	6.485850E+0	1.057980E+5
2.550085E+2	9.475970E+0	4.398000E-2	6.476860E+0	1.057980E+5
2.560089E+2	9.598670E+0	4.399000E-2	6.464800E+0	1.057980E+5
2.570089E+2	9.679845E+0	4.391000E-2	6.456960E+0	1.057980E+5
2.580084E+2	9.758562E+0	4.396000E-2	6.449460E+0	1.057980E+5
2.590085E+2	9.805979E+0	4.412000E-2	6.444990E+0	1.057980E+5
2.600086E+2	9.848732E+0	4.405000E-2	6.440990E+0	1.057980E+5
2.610084E+2	9.884558E+0	4.406000E-2	6.437660E+0	1.057980E+5
2.620083E+2	9.905420E+0	4.403000E-2	6.435730E+0	1.057980E+5
2.630084E+2	9.926028E+0	4.408000E-2	6.433830E+0	1.057980E+5
2.640091E+2	9.948125E+0	4.386000E-2	6.431800E+0	1.057980E+5
2.650084E+2	9.957183E+0	4.398000E-2	6.430970E+0	1.057980E+5
2.660082E+2	9.972163E+0	4.405000E-2	6.429600E+0	1.057980E+5
2.670084E+2	9.979393E+0	4.397000E-2	6.428940E+0	1.057980E+5
2.680084E+2	9.979393E+0	4.405000E-2	6.428940E+0	1.057980E+5
2.690085E+2	9.989486E+0	4.383000E-2	6.428020E+0	1.057980E+5
2.700082E+2	1.000103E+1	4.398000E-2	6.426970E+0	1.057980E+5
2.710084E+2	9.990035E+0	4.410000E-2	6.427970E+0	1.057980E+5
2.720086E+2	1.000081E+1	4.382000E-2	6.426990E+0	1.057980E+5
2.730082E+2	9.995088E+0	4.398000E-2	6.427510E+0	1.057980E+5
2.740082E+2	1.000719E+1	4.383000E-2	6.426410E+0	1.057980E+5
2.750083E+2	1.001259E+1	4.381000E-2	6.425920E+0	1.057980E+5
2.760085E+2	1.000851E+1	4.380000E-2	6.426290E+0	1.057980E+5
2.770084E+2	1.000796E+1	4.386000E-2	6.426340E+0	1.057980E+5
2.780081E+2	1.000796E+1	4.396000E-2	6.426340E+0	1.057980E+5
2.790085E+2	1.000818E+1	4.391000E-2	6.426320E+0	1.057980E+5
2.800081E+2	9.936577E+0	4.391000E-2	6.432860E+0	1.057980E+5
2.810081E+2	9.853024E+0	4.389000E-2	6.440590E+0	1.057980E+5
2.820085E+2	9.775385E+0	4.412000E-2	6.447870E+0	1.057980E+5
2.830081E+2	9.726108E+0	4.402000E-2	6.452540E+0	1.057980E+5
2.840081E+2	9.672447E+0	4.397000E-2	6.457670E+0	1.057980E+5
2.850079E+2	9.635287E+0	4.396000E-2	6.461250E+0	1.057980E+5
2.860085E+2	9.605460E+0	4.414000E-2	6.464140E+0	1.057980E+5
2.870080E+2	9.588705E+0	4.398000E-2	6.465770E+0	1.057980E+5
2.880077E+2	9.565143E+0	4.379000E-2	6.468070E+0	1.057980E+5
2.890085E+2	9.552480E+0	4.399000E-2	6.469310E+0	1.057980E+5
2.900082E+2	9.539132E+0	4.380000E-2	6.470620E+0	1.057980E+5
2.910081E+2	9.531402E+0	4.382000E-2	6.471380E+0	1.057980E+5
2.920080E+2	9.516784E+0	4.397000E-2	6.472820E+0	1.057980E+5
2.930082E+2	9.514858E+0	4.394000E-2	6.473010E+0	1.057980E+5
2.940084E+2	9.511110E+0	4.379000E-2	6.473380E+0	1.057980E+5
2.950079E+2	9.509388E+0	4.391000E-2	6.473550E+0	1.057980E+5
2.960081E+2	9.504125E+0	4.387000E-2	6.474070E+0	1.057980E+5
2.970084E+2	9.500687E+0	4.398000E-2	6.474410E+0	1.057980E+5
2.980078E+2	9.482618E+0	4.398000E-2	6.476200E+0	1.057980E+5
2.990078E+2	9.483323E+0	4.406000E-2	6.476130E+0	1.057980E+5
3.000080E+2	9.501091E+0	4.395000E-2	6.474370E+0	1.057980E+5
3.010080E+2	9.410507E+0	4.400000E-2	6.483400E+0	1.057980E+5
3.020079E+2	9.332911E+0	4.401000E-2	6.491250E+0	1.057980E+5
3.030078E+2	9.244658E+0	4.394000E-2	6.500310E+0	1.057980E+5
3.040075E+2	9.188115E+0	4.381000E-2	6.506190E+0	1.057980E+5
3.050075E+2	9.139154E+0	4.399000E-2	6.511330E+0	1.057980E+5
3.060075E+2	9.112003E+0	4.391000E-2	6.514200E+0	1.057980E+5
3.070075E+2	9.085549E+0	4.414000E-2	6.517010E+0	1.057980E+5
3.080075E+2	9.059221E+0	4.403000E-2	6.519820E+0	1.057980E+5
3.090077E+2	9.045591E+0	4.395000E-2	6.521280E+0	1.057980E+5
3.100081E+2	9.030415E+0	4.395000E-2	6.522910E+0	1.057980E+5
3.110088E+2	9.018434E+0	4.375000E-2	6.524200E+0	1.057980E+5
3.120089E+2	9.011110E+0	4.402000E-2	6.524990E+0	1.057980E+5
3.130088E+2	9.007683E+0	4.389000E-2	6.525360E+0	1.057980E+5
3.140085E+2	8.999818E+0	4.394000E-2	6.526210E+0	1.057980E+5
3.150085E+2	9.000928E+0	4.405000E-2	6.526090E+0	1.057980E+5
3.160081E+2	8.989565E+0	4.406000E-2	6.527320E+0	1.057980E+5
3.170088E+2	8.990488E+0	4.413000E-2	6.527220E+0	1.057980E+5
3.180085E+2	8.992611E+0	4.417000E-2	6.526990E+0	1.057980E+5
3.190081E+2	8.988735E+0	4.401000E-2	6.527410E+0	1.057980E+5
3.200085E+2	8.990119E+0	4.406000E-2	6.527260E+0	1.057980E+5
3.210083E+2	8.987812E+0	4.411000E-2	6.527510E+0	1.057980E+5
3.220083E+2	8.986152E+0	4.395000E-2	6.527690E+0	1.057980E+5
3.230082E+2	8.983662E+0	4.397000E-2	6.527960E+0	1.057980E+5
3.240085E+2	8.989288E+0	4.383000E-2	6.527350E+0	1.057980E+5
3.250081E+2	8.975832E+0	4.398000E-2	6.528810E+0	1.057980E+5
3.260082E+2	8.897605E+0	4.343000E-2	6.537370E+0	1.057980E+5
3.270081E+2	8.797565E+0	4.330000E-2	6.548500E+0	1.057980E+5
3.280082E+2	8.721973E+0	4.253000E-2	6.557050E+0	1.057980E+5
3.290084E+2	8.666351E+0	4.135000E-2	6.563420E+0	1.057980E+5
3.300080E+2	8.626635E+0	4.083000E-2	6.568010E+0	1.057980E+5
3.310083E+2	8.596467E+0	4.034000E-2	6.571520E+0	1.057980E+5
3.320080E+2	8.569372E+0	4.017000E-2	6.574690E+0	1.057980E+5
3.330086E+2	8.549121E+0	4.014000E-2	6.577070E+0	1.057980E+5
3.340086E+2	8.538857E+0	3.995000E-2	6.578280E+0	1.057980E+5
3.350086E+2	8.527682E+0	3.962000E-2	6.579600E+0	1.057980E+5
3.360084E+2	8.520499E+0	3.956000E-2	6.580450E+0	1.057980E+5
3.370082E+2	8.511387E+0	3.951000E-2	6.581530E+0	1.057980E+5
3.380081E+2	8.505574E+0	3.946000E-2	6.582220E+0	1.057980E+5
3.390080E+2	8.500776E+0	3.930000E-2	6.582790E+0	1.057980E+5
3.400082E+2	8.500776E+0	3.927000E-2	6.582790E+0	1.057980E+5
3.410081E+2	8.499262E+0	3.937000E-2	6.582970E+0	1.057980E+5
3.420076E+2	8.493379E+0	3.816000E-2	6.583670E+0	1.057980E+5
3.430079E+2	8.484399E+0	3.249000E-2	6.584740E+0	1.057980E+5
3.440081E+2	8.392490E+0	3.244000E-2	6.595800E+0	1.057980E+5
3.450083E+2	8.293575E+0	3.223000E-2	6.607930E+0	1.057980E+5
3.460081E+2	8.221190E+0	3.228000E-2	6.616960E+0	1.057980E+5
3.470076E+2	8.165403E+0	3.244000E-2	6.624010E+0	1.057980E+5
3.480085E+2	8.127155E+0	3.211000E-2	6.628890E+0	1.057980E+5
3.490078E+2	8.096723E+0	3.227000E-2	6.632800E+0	1.057980E+5
3.500083E+2	8.073889E+0	3.235000E-2	6.635750E+0	1.057980E+5
3.510083E+2	8.060933E+0	3.213000E-2	6.637430E+0	1.057980E+5
3.520075E+2	8.046015E+0	3.215000E-2	6.639370E+0	1.057980E+5
3.530077E+2	8.035354E+0	3.196000E-2	6.640760E+0	1.057980E+5
3.540076E+2	8.030530E+0	3.212000E-2	6.641390E+0	1.057980E+5
3.550082E+2	8.026169E+0	3.217000E-2	6.641960E+0	1.057980E+5
3.560079E+2	8.018376E+0	3.215000E-2	6.642980E+0	1.057980E+5
3.570082E+2	8.021354E+0	3.206000E-2	6.642590E+0	1.057980E+5
3.580076E+2	8.018834E+0	3.204000E-2	6.642920E+0	1.057980E+5
3.590076E+2	8.016010E+0	3.197000E-2	6.643290E+0	1.057980E+5
3.600080E+2	8.000849E+0	3.178000E-2	6.645280E+0	1.057980E+5
3.610076E+2	7.905284E+0	3.200000E-2	6.657970E+0	1.057980E+5
3.620082E+2	7.802110E+0	3.165000E-2	6.671960E+0	1.057980E+5
3.630074E+2	7.728795E+0	3.156000E-2	6.682090E+0	1.057980E+5
3.640077E+2	7.678872E+0	3.146000E-2	6.689080E+0	1.057980E+5
3.650081E+2	7.644971E+0	3.160000E-2	6.693870E+0	1.057980E+5
3.660077E+2	7.621129E+0	3.150000E-2	6.697260E+0	1.057980E+5
3.670077E+2	7.602997E+0	3.159000E-2	6.699850E+0	1.057980E+5
3.680071E+2	7.584936E+0	3.168000E-2	6.702440E+0	1.057980E+5
3.690074E+2	7.576731E+0	3.170000E-2	6.703620E+0	1.057980E+5
3.700077E+2	7.571802E+0	3.169000E-2	6.704330E+0	1.057980E+5
3.710078E+2	7.566392E+0	3.145000E-2	6.705110E+0	1.057980E+5
3.720080E+2	7.557944E+0	3.142000E-2	6.706330E+0	1.057980E+5
3.730073E+2	7.556146E+0	3.150000E-2	6.706590E+0	1.057980E+5
3.740076E+2	7.555593E+0	3.162000E-2	6.706670E+0	1.057980E+5
3.750078E+2	7.552621E+0	3.147000E-2	6.707100E+0	1.057980E+5
3.760070E+2	7.553519E+0	3.142000E-2	6.706970E+0	1.057980E+5
3.770073E+2	7.550134E+0	3.147000E-2	6.707460E+0	1.057980E+5
3.780071E+2	7.548407E+0	3.150000E-2	6.707710E+0	1.057980E+5
3.790072E+2	7.553035E+0	3.154000E-2	6.707040E+0	1.057980E+5
3.800076E+2	7.552482E+0	3.149000E-2	6.707120E+0	1.057980E+5
3.810073E+2	7.548062E+0	3.136000E-2	6.707760E+0	1.057980E+5
3.820073E+2	7.533658E+0	3.139000E-2	6.709850E+0	1.057980E+5
3.830071E+2	7.431406E+0	3.112000E-2	6.724880E+0	1.057980E+5
3.840074E+2	7.326191E+0	3.121000E-2	6.740710E+0	1.057980E+5
3.850077E+2	7.260418E+0	3.124000E-2	6.750800E+0	1.057980E+5
3.860075E+2	7.214595E+0	3.113000E-2	6.757920E+0	1.057980E+5
3.870076E+2	7.186010E+0	3.108000E-2	6.762400E+0	1.057980E+5
3.880080E+2	7.162607E+0	3.132000E-2	6.766090E+0	1.057980E+5
3.890095E+2	7.143360E+0	3.133000E-2	6.769140E+0	1.057980E+5
3.900091E+2	7.137633E+0	3.122000E-2	6.770050E+0	1.057980E+5
3.910091E+2	7.131287E+0	3.118000E-2	6.771060E+0	1.057980E+5
3.920090E+2	7.122192E+0	3.113000E-2	6.772510E+0	1.057980E+5
3.930090E+2	7.117246E+0	3.112000E-2	6.773300E+0	1.057980E+5
3.940090E+2	7.122944E+0	3.116000E-2	6.772390E+0	1.057980E+5
3.950091E+2	7.116933E+0	3.109000E-2	6.773350E+0	1.057980E+5
3.960090E+2	7.114493E+0	3.127000E-2	6.773740E+0	1.057980E+5
3.970091E+2	7.111117E+0	3.119000E-2	6.774280E+0	1.057980E+5
3.980089E+2	7.105559E+0	3.121000E-2	6.775170E+0	1.057980E+5
3.990089E+2	7.107806E+0	3.112000E-2	6.774810E+0	1.057980E+5
4.000089E+2	7.106120E+0	3.108000E-2	6.775080E+0	1.057980E+5
4.010089E+2	7.111679E+0	3.116000E-2	6.774190E+0	1.057980E+5
4.020089E+2	7.109118E+0	3.117000E-2	6.774600E+0	1.057980E+5
4.030091E+2	7.108993E+0	3.048000E-2	6.774620E+0	1.057980E+5
4.040088E+2	7.015710E+0	2.823000E-2	6.789720E+0	1.057980E+5
4.050088E+2	6.244882E+0	2.748000E-2	6.928720E+0	1.057980E+5
4.060088E+2	5.597434E+0	2.716000E-2	7.069710E+0	1.057980E+5
4.070092E+2	5.176752E+0	2.695000E-2	7.176840E+0	1.057980E+5
4.080087E+2	4.904606E+0	2.693000E-2	7.254200E+0	1.057980E+5
4.090087E+2	4.737854E+0	2.661000E-2	7.305220E+0	1.057980E+5
4.100087E+2	4.643620E+0	2.669000E-2	7.335390E+0	1.057980E+5
4.110087E+2	4.589108E+0	2.670000E-2	7.353310E+0	1.057980E+5
4.120087E+2	4.561264E+0	2.662000E-2	7.362600E+0	1.057980E+5
4.130086E+2	4.542422E+0	2.670000E-2	7.368940E+0	1.057980E+5
4.140087E+2	4.533344E+0	2.656000E-2	7.372010E+0	1.057980E+5
4.150090E+2	4.526239E+0	2.647000E-2	7.374420E+0	1.057980E+5
4.160085E+2	4.524502E+0	2.657000E-2	7.375010E+0	1.057980E+5
4.170085E+2	4.522296E+0	2.671000E-2	7.375760E+0	1.057980E+5
4.180112E+2	4.521503E+0	2.657000E-2	7.376030E+0	1.057980E+5
