Nb_Si_8_11_19_mit_B

08.11.2019 11:03
Zeit	Temperatur	R_Probe_1	R_Thermometer	R_Probe_2
0.000000E+0	4.539313E+0	2.558000E-2	7.369990E+0	1.057980E+5
9.996643E-1	4.543103E+0	2.564000E-2	7.368710E+0	1.057980E+5
2.000072E+0	4.542836E+0	2.564000E-2	7.368800E+0	1.057980E+5
2.999687E+0	4.544318E+0	2.556000E-2	7.368300E+0	1.057980E+5
3.999711E+0	4.543903E+0	2.550000E-2	7.368440E+0	1.057980E+5
4.999647E+0	4.546334E+0	2.574000E-2	7.367620E+0	1.057980E+5
5.999677E+0	4.545711E+0	2.550000E-2	7.367830E+0	1.057980E+5
6.999649E+0	4.542214E+0	2.568000E-2	7.369010E+0	1.057980E+5
7.999628E+0	4.545088E+0	2.550000E-2	7.368040E+0	1.057980E+5
8.999718E+0	4.540142E+0	2.570000E-2	7.369710E+0	1.057980E+5
9.999590E+0	4.539550E+0	2.576000E-2	7.369910E+0	1.057980E+5
1.099965E+1	4.542155E+0	2.566000E-2	7.369030E+0	1.057980E+5
1.199957E+1	4.543873E+0	2.577000E-2	7.368450E+0	1.057980E+5
1.299954E+1	4.544703E+0	2.558000E-2	7.368170E+0	1.057980E+5
1.399959E+1	4.544140E+0	2.577000E-2	7.368360E+0	1.057980E+5
1.499957E+1	4.541918E+0	2.569000E-2	7.369110E+0	1.057980E+5
1.599948E+1	4.545029E+0	2.578000E-2	7.368060E+0	1.057980E+5
1.699923E+1	4.544496E+0	2.572000E-2	7.368240E+0	1.057980E+5
1.799942E+1	4.544229E+0	2.580000E-2	7.368330E+0	1.057980E+5
1.899943E+1	4.545296E+0	2.588000E-2	7.367970E+0	1.057980E+5
1.999980E+1	4.545177E+0	2.569000E-2	7.368010E+0	1.057980E+5
2.100002E+1	4.546719E+0	2.571000E-2	7.367490E+0	1.057980E+5
2.200010E+1	4.546304E+0	2.571000E-2	7.367630E+0	1.057980E+5
2.300018E+1	4.545919E+0	2.553000E-2	7.367760E+0	1.057980E+5
2.400010E+1	4.545148E+0	2.556000E-2	7.368020E+0	1.057980E+5
2.500064E+1	4.546156E+0	2.562000E-2	7.367680E+0	1.057980E+5
2.600032E+1	4.544762E+0	2.575000E-2	7.368150E+0	1.057980E+5
2.700020E+1	4.545859E+0	2.581000E-2	7.367780E+0	1.057980E+5
2.800074E+1	4.543814E+0	2.563000E-2	7.368470E+0	1.057980E+5
2.900018E+1	4.544999E+0	2.582000E-2	7.368070E+0	1.057980E+5
3.000070E+1	4.544970E+0	2.582000E-2	7.368080E+0	1.057980E+5
3.100053E+1	4.546719E+0	2.560000E-2	7.367490E+0	1.057980E+5
3.200025E+1	4.546156E+0	2.555000E-2	7.367680E+0	1.057980E+5
3.300009E+1	4.543518E+0	2.573000E-2	7.368570E+0	1.057980E+5
3.400066E+1	4.544733E+0	2.558000E-2	7.368160E+0	1.057980E+5
3.500016E+1	4.548678E+0	2.567000E-2	7.366830E+0	1.057980E+5
3.600054E+1	4.540556E+0	2.568000E-2	7.369570E+0	1.057980E+5
3.700009E+1	4.544377E+0	2.558000E-2	7.368280E+0	1.057980E+5
3.800063E+1	4.546126E+0	2.561000E-2	7.367690E+0	1.057980E+5
3.900011E+1	4.543251E+0	2.563000E-2	7.368660E+0	1.057980E+5
4.000016E+1	4.546008E+0	2.588000E-2	7.367730E+0	1.057980E+5
4.100009E+1	4.546690E+0	2.571000E-2	7.367500E+0	1.057980E+5
4.200004E+1	4.547253E+0	2.568000E-2	7.367310E+0	1.057980E+5
4.300027E+1	4.545355E+0	2.571000E-2	7.367950E+0	1.057980E+5
4.400005E+1	4.546808E+0	2.567000E-2	7.367460E+0	1.057980E+5
4.500005E+1	4.548203E+0	2.583000E-2	7.366990E+0	1.057980E+5
4.600043E+1	4.546749E+0	2.587000E-2	7.367480E+0	1.057980E+5
4.700040E+1	4.546808E+0	2.583000E-2	7.367460E+0	1.057980E+5
4.799992E+1	4.546927E+0	2.557000E-2	7.367420E+0	1.057980E+5
4.900040E+1	4.546245E+0	3.481000E-2	7.367650E+0	1.057980E+5
4.999989E+1	4.547402E+0	2.516000E-2	7.367260E+0	1.057980E+5
5.099987E+1	4.545444E+0	2.623000E-2	7.367920E+0	1.057980E+5
5.200043E+1	4.548114E+0	2.580000E-2	7.367020E+0	1.057980E+5
5.299992E+1	4.556288E+0	2.602000E-2	7.364270E+0	1.057980E+5
5.400045E+1	4.548203E+0	2.511000E-2	7.366990E+0	1.057980E+5
5.500073E+1	4.548292E+0	2.287000E-2	7.366960E+0	1.057980E+5
5.600135E+1	4.547699E+0	2.562000E-2	7.367160E+0	1.057980E+5
5.700162E+1	4.546838E+0	2.595000E-2	7.367450E+0	1.057980E+5
5.800212E+1	4.547817E+0	2.625000E-2	7.367120E+0	1.057980E+5
5.900150E+1	4.545741E+0	2.633000E-2	7.367820E+0	1.057980E+5
6.000204E+1	4.544851E+0	2.612000E-2	7.368120E+0	1.057980E+5
6.100166E+1	4.547788E+0	2.619000E-2	7.367130E+0	1.057980E+5
6.200228E+1	4.548678E+0	2.620000E-2	7.366830E+0	1.057980E+5
6.300320E+1	4.546423E+0	2.607000E-2	7.367590E+0	1.057980E+5
6.400247E+1	4.546719E+0	2.622000E-2	7.367490E+0	1.057980E+5
6.500261E+1	4.543962E+0	2.636000E-2	7.368420E+0	1.057980E+5
6.600247E+1	4.547788E+0	2.623000E-2	7.367130E+0	1.057980E+5
6.700254E+1	4.546601E+0	2.613000E-2	7.367530E+0	1.057980E+5
6.800255E+1	4.546838E+0	2.626000E-2	7.367450E+0	1.057980E+5
6.900312E+1	4.546215E+0	2.613000E-2	7.367660E+0	1.057980E+5
7.000411E+1	4.548025E+0	2.618000E-2	7.367050E+0	1.057980E+5
7.100443E+1	4.547164E+0	2.600000E-2	7.367340E+0	1.057980E+5
7.200505E+1	4.549331E+0	2.616000E-2	7.366610E+0	1.057980E+5
7.300484E+1	4.544673E+0	2.628000E-2	7.368180E+0	1.057980E+5
7.400497E+1	4.547550E+0	2.624000E-2	7.367210E+0	1.057980E+5
7.500501E+1	4.545800E+0	2.622000E-2	7.367800E+0	1.057980E+5
7.600591E+1	4.546186E+0	2.633000E-2	7.367670E+0	1.057980E+5
7.700520E+1	4.545978E+0	2.624000E-2	7.367740E+0	1.057980E+5
7.800578E+1	4.397081E+0	2.619000E-2	7.419350E+0	1.057980E+5
7.900569E+1	4.538811E+0	2.613000E-2	7.370160E+0	1.057980E+5
8.000515E+1	4.549153E+0	2.624000E-2	7.366670E+0	1.057980E+5
8.100516E+1	4.548708E+0	2.632000E-2	7.366820E+0	1.057980E+5
8.200552E+1	4.545681E+0	2.624000E-2	7.367840E+0	1.057980E+5
8.300515E+1	4.541030E+0	2.612000E-2	7.369410E+0	1.057980E+5
8.400529E+1	4.546037E+0	2.618000E-2	7.367720E+0	1.057980E+5
8.500549E+1	4.547224E+0	2.629000E-2	7.367320E+0	1.057980E+5
8.600534E+1	4.545088E+0	2.617000E-2	7.368040E+0	1.057980E+5
8.700513E+1	4.547135E+0	2.614000E-2	7.367350E+0	1.057980E+5
8.800479E+1	4.546334E+0	2.628000E-2	7.367620E+0	1.057980E+5
8.900523E+1	4.546423E+0	2.624000E-2	7.367590E+0	1.057980E+5
9.000498E+1	4.546719E+0	2.612000E-2	7.367490E+0	1.057980E+5
9.100505E+1	4.544999E+0	2.625000E-2	7.368070E+0	1.057980E+5
9.200519E+1	4.547877E+0	2.614000E-2	7.367100E+0	1.057980E+5
9.300522E+1	4.548737E+0	2.620000E-2	7.366810E+0	1.057980E+5
9.400528E+1	4.547135E+0	2.635000E-2	7.367350E+0	1.057980E+5
9.500510E+1	4.546186E+0	2.615000E-2	7.367670E+0	1.057980E+5
9.600529E+1	4.550727E+0	2.625000E-2	7.366140E+0	1.057980E+5
9.700519E+1	4.547402E+0	2.622000E-2	7.367260E+0	1.057980E+5
9.800484E+1	4.545919E+0	2.618000E-2	7.367760E+0	1.057980E+5
9.900531E+1	4.545355E+0	2.622000E-2	7.367950E+0	1.057980E+5
1.000049E+2	4.547105E+0	2.621000E-2	7.367360E+0	1.057980E+5
1.010050E+2	4.548351E+0	2.605000E-2	7.366940E+0	1.057980E+5
1.020055E+2	4.544466E+0	2.618000E-2	7.368250E+0	1.057980E+5
1.030050E+2	4.547372E+0	2.623000E-2	7.367270E+0	1.057980E+5
1.040048E+2	4.546126E+0	2.627000E-2	7.367690E+0	1.057980E+5
1.050053E+2	4.548084E+0	2.619000E-2	7.367030E+0	1.057980E+5
1.060053E+2	4.547046E+0	2.618000E-2	7.367380E+0	1.057980E+5
1.070050E+2	4.547224E+0	2.600000E-2	7.367320E+0	1.057980E+5
1.080051E+2	4.549331E+0	2.637000E-2	7.366610E+0	1.057980E+5
1.090049E+2	4.565740E+0	2.605000E-2	7.361100E+0	1.057980E+5
1.100059E+2	4.572350E+0	2.611000E-2	7.358890E+0	1.057980E+5
1.110060E+2	4.577084E+0	2.618000E-2	7.357310E+0	1.057980E+5
1.120059E+2	4.576005E+0	2.619000E-2	7.357670E+0	1.057980E+5
1.130056E+2	4.580025E+0	2.629000E-2	7.356330E+0	1.057980E+5
1.140053E+2	4.578915E+0	2.631000E-2	7.356700E+0	1.057980E+5
1.150055E+2	4.578524E+0	2.626000E-2	7.356830E+0	1.057980E+5
1.160053E+2	4.582188E+0	2.637000E-2	7.355610E+0	1.057980E+5
1.170056E+2	4.581196E+0	2.620000E-2	7.355940E+0	1.057980E+5
1.180054E+2	4.579665E+0	2.639000E-2	7.356450E+0	1.057980E+5
1.190054E+2	4.580085E+0	2.615000E-2	7.356310E+0	1.057980E+5
1.200056E+2	4.579485E+0	2.625000E-2	7.356510E+0	1.057980E+5
1.210051E+2	4.577474E+0	2.622000E-2	7.357180E+0	1.057980E+5
1.220054E+2	4.579545E+0	2.647000E-2	7.356490E+0	1.057980E+5
1.230055E+2	4.586488E+0	2.634000E-2	7.354180E+0	1.057980E+5
1.240055E+2	4.633899E+0	2.642000E-2	7.338560E+0	1.057980E+5
1.250056E+2	4.655996E+0	2.621000E-2	7.331370E+0	1.057980E+5
1.260052E+2	4.665453E+0	2.612000E-2	7.328310E+0	1.057980E+5
1.270053E+2	4.670194E+0	2.632000E-2	7.326780E+0	1.057980E+5
1.280058E+2	4.674135E+0	2.616000E-2	7.325510E+0	1.057980E+5
1.290058E+2	4.671993E+0	2.629000E-2	7.326200E+0	1.057980E+5
1.300052E+2	4.678299E+0	2.607000E-2	7.324170E+0	1.057980E+5
1.310054E+2	4.675501E+0	2.632000E-2	7.325070E+0	1.057980E+5
1.320054E+2	4.675284E+0	2.618000E-2	7.325140E+0	1.057980E+5
1.330052E+2	4.675967E+0	2.627000E-2	7.324920E+0	1.057980E+5
1.340054E+2	4.673855E+0	2.634000E-2	7.325600E+0	1.057980E+5
1.350052E+2	4.678361E+0	2.631000E-2	7.324150E+0	1.057980E+5
1.360049E+2	4.852830E+0	2.610000E-2	7.269730E+0	1.057980E+5
1.370053E+2	4.669573E+0	2.625000E-2	7.326980E+0	1.057980E+5
1.380051E+2	4.641102E+0	2.618000E-2	7.336210E+0	1.057980E+5
1.390054E+2	4.752724E+0	2.619000E-2	7.300550E+0	1.057980E+5
1.400048E+2	4.809759E+0	2.611000E-2	7.282860E+0	1.057980E+5
1.410051E+2	4.832741E+0	2.599000E-2	7.275830E+0	1.057980E+5
1.420057E+2	4.846360E+0	2.615000E-2	7.271690E+0	1.057980E+5
1.430060E+2	4.855574E+0	2.627000E-2	7.268900E+0	1.057980E+5
1.440060E+2	4.857328E+0	2.622000E-2	7.268370E+0	1.057980E+5
1.450059E+2	4.859646E+0	2.618000E-2	7.267670E+0	1.057980E+5
1.460059E+2	4.860871E+0	2.636000E-2	7.267300E+0	1.057980E+5
1.470059E+2	4.858818E+0	2.617000E-2	7.267920E+0	1.057980E+5
1.480056E+2	4.860640E+0	2.625000E-2	7.267370E+0	1.057980E+5
1.490059E+2	4.860540E+0	2.629000E-2	7.267400E+0	1.057980E+5
1.500058E+2	4.862032E+0	2.627000E-2	7.266950E+0	1.057980E+5
1.510057E+2	4.860043E+0	2.640000E-2	7.267550E+0	1.057980E+5
1.520059E+2	4.862230E+0	2.637000E-2	7.266890E+0	1.057980E+5
1.530058E+2	4.861634E+0	2.644000E-2	7.267070E+0	1.057980E+5
1.540059E+2	4.861435E+0	2.630000E-2	7.267130E+0	1.057980E+5
1.550057E+2	4.862330E+0	2.651000E-2	7.266860E+0	1.057980E+5
1.560063E+2	4.863557E+0	2.646000E-2	7.266490E+0	1.057980E+5
1.570065E+2	4.861866E+0	2.637000E-2	7.267000E+0	1.057980E+5
1.580074E+2	4.863922E+0	2.634000E-2	7.266380E+0	1.057980E+5
1.590073E+2	4.859712E+0	2.618000E-2	7.267650E+0	1.057980E+5
1.600075E+2	4.863059E+0	2.619000E-2	7.266640E+0	1.057980E+5
1.610077E+2	4.860838E+0	2.612000E-2	7.267310E+0	1.057980E+5
1.620080E+2	4.862894E+0	2.638000E-2	7.266690E+0	1.057980E+5
1.630077E+2	4.860606E+0	2.625000E-2	7.267380E+0	1.057980E+5
1.640084E+2	4.863922E+0	2.616000E-2	7.266380E+0	1.057980E+5
1.650089E+2	4.861567E+0	2.617000E-2	7.267090E+0	1.057980E+5
1.660085E+2	4.861998E+0	2.625000E-2	7.266960E+0	1.057980E+5
1.670087E+2	4.862429E+0	2.628000E-2	7.266830E+0	1.057980E+5
1.680086E+2	4.861402E+0	2.605000E-2	7.267140E+0	1.057980E+5
1.690085E+2	4.861601E+0	2.617000E-2	7.267080E+0	1.057980E+5
1.700091E+2	4.863855E+0	2.601000E-2	7.266400E+0	1.057980E+5
1.710086E+2	4.862695E+0	2.623000E-2	7.266750E+0	1.057980E+5
1.720085E+2	4.860374E+0	2.604000E-2	7.267450E+0	1.057980E+5
1.730086E+2	4.860441E+0	2.629000E-2	7.267430E+0	1.057980E+5
1.740085E+2	4.862164E+0	2.618000E-2	7.266910E+0	1.057980E+5
1.750085E+2	4.864486E+0	2.627000E-2	7.266210E+0	1.057980E+5
1.760085E+2	4.860673E+0	2.614000E-2	7.267360E+0	1.057980E+5
1.770085E+2	4.861932E+0	2.626000E-2	7.266980E+0	1.057980E+5
1.780085E+2	4.860606E+0	2.635000E-2	7.267380E+0	1.057980E+5
1.790086E+2	4.862496E+0	2.634000E-2	7.266810E+0	1.057980E+5
1.800084E+2	4.859844E+0	2.625000E-2	7.267610E+0	1.057980E+5
1.810085E+2	4.861833E+0	2.646000E-2	7.267010E+0	1.057980E+5
1.820086E+2	4.862230E+0	2.646000E-2	7.266890E+0	1.057980E+5
1.830085E+2	4.860308E+0	2.673000E-2	7.267470E+0	1.057980E+5
1.840090E+2	4.903194E+0	2.669000E-2	7.254620E+0	1.057980E+5
1.850095E+2	5.274926E+0	2.663000E-2	7.150570E+0	1.057980E+5
1.860096E+2	5.475371E+0	2.692000E-2	7.099380E+0	1.057980E+5
1.870093E+2	5.571305E+0	2.688000E-2	7.075970E+0	1.057980E+5
1.880095E+2	5.623810E+0	2.693000E-2	7.063440E+0	1.057980E+5
1.890091E+2	5.655165E+0	2.675000E-2	7.056050E+0	1.057980E+5
1.900098E+2	5.671402E+0	2.681000E-2	7.052250E+0	1.057980E+5
1.910102E+2	5.686511E+0	2.680000E-2	7.048730E+0	1.057980E+5
1.920102E+2	5.690041E+0	2.688000E-2	7.047910E+0	1.057980E+5
1.930105E+2	5.696420E+0	2.678000E-2	7.046430E+0	1.057980E+5
1.940101E+2	5.698967E+0	2.685000E-2	7.045840E+0	1.057980E+5
1.950098E+2	5.699183E+0	2.703000E-2	7.045790E+0	1.057980E+5
1.960102E+2	5.703374E+0	2.690000E-2	7.044820E+0	1.057980E+5
1.970098E+2	5.705406E+0	2.695000E-2	7.044350E+0	1.057980E+5
1.980102E+2	5.710818E+0	2.690000E-2	7.043100E+0	1.057980E+5
1.990102E+2	5.697672E+0	2.690000E-2	7.046140E+0	1.057980E+5
2.000102E+2	5.698578E+0	2.688000E-2	7.045930E+0	1.057980E+5
2.010100E+2	5.696981E+0	2.693000E-2	7.046300E+0	1.057980E+5
2.020100E+2	5.707353E+0	2.697000E-2	7.043900E+0	1.057980E+5
2.030105E+2	5.699917E+0	2.645000E-2	7.045620E+0	1.057980E+5
2.040105E+2	5.666779E+0	2.646000E-2	7.053330E+0	1.057980E+5
2.050097E+2	5.286067E+0	2.671000E-2	7.147640E+0	1.057980E+5
2.060097E+2	5.099326E+0	2.693000E-2	7.198150E+0	1.057980E+5
2.070105E+2	5.611333E+0	2.707000E-2	7.066400E+0	1.057980E+5
2.080112E+2	5.927735E+0	2.731000E-2	6.994570E+0	1.057980E+5
2.090109E+2	6.077543E+0	2.750000E-2	6.962750E+0	1.057980E+5
2.100109E+2	6.161616E+0	2.752000E-2	6.945460E+0	1.057980E+5
2.110114E+2	6.210933E+0	2.750000E-2	6.935500E+0	1.057980E+5
2.120109E+2	6.247499E+0	2.757000E-2	6.928200E+0	1.057980E+5
2.130109E+2	6.271333E+0	2.749000E-2	6.923480E+0	1.057980E+5
2.140105E+2	6.280666E+0	2.756000E-2	6.921640E+0	1.057980E+5
2.150113E+2	6.289767E+0	2.738000E-2	6.919850E+0	1.057980E+5
2.160106E+2	6.295269E+0	2.732000E-2	6.918770E+0	1.057980E+5
2.170106E+2	6.302822E+0	2.745000E-2	6.917290E+0	1.057980E+5
2.180111E+2	6.301698E+0	2.757000E-2	6.917510E+0	1.057980E+5
2.190113E+2	6.305786E+0	2.763000E-2	6.916710E+0	1.057980E+5
2.200117E+2	6.306860E+0	2.750000E-2	6.916500E+0	1.057980E+5
2.210115E+2	6.306093E+0	2.776000E-2	6.916650E+0	1.057980E+5
2.220115E+2	6.307115E+0	2.760000E-2	6.916450E+0	1.057980E+5
2.230116E+2	6.306451E+0	2.749000E-2	6.916580E+0	1.057980E+5
2.240116E+2	6.306911E+0	2.756000E-2	6.916490E+0	1.057980E+5
2.250115E+2	6.307831E+0	2.754000E-2	6.916310E+0	1.057980E+5
2.260119E+2	6.309059E+0	2.776000E-2	6.916070E+0	1.057980E+5
2.270118E+2	6.318794E+0	2.823000E-2	6.914170E+0	1.057980E+5
2.280118E+2	6.441246E+0	2.840000E-2	6.890680E+0	1.057980E+5
2.290122E+2	6.540777E+0	2.891000E-2	6.872130E+0	1.057980E+5
2.300127E+2	6.599583E+0	2.904000E-2	6.861390E+0	1.057980E+5
2.310124E+2	6.633378E+0	2.899000E-2	6.855290E+0	1.057980E+5
2.320129E+2	6.651110E+0	2.916000E-2	6.852110E+0	1.057980E+5
2.330121E+2	6.672910E+0	2.918000E-2	6.848220E+0	1.057980E+5
2.340120E+2	6.678590E+0	2.942000E-2	6.847210E+0	1.057980E+5
2.350127E+2	6.685010E+0	2.951000E-2	6.846070E+0	1.057980E+5
2.360127E+2	6.692796E+0	2.944000E-2	6.844690E+0	1.057980E+5
2.370125E+2	6.694490E+0	2.939000E-2	6.844390E+0	1.057980E+5
2.380126E+2	6.695790E+0	2.974000E-2	6.844160E+0	1.057980E+5
2.390126E+2	6.699126E+0	2.950000E-2	6.843570E+0	1.057980E+5
2.400127E+2	6.695790E+0	2.950000E-2	6.844160E+0	1.057980E+5
2.410123E+2	6.702974E+0	2.962000E-2	6.842890E+0	1.057980E+5
2.420127E+2	6.699522E+0	2.965000E-2	6.843500E+0	1.057980E+5
2.430123E+2	6.700993E+0	2.947000E-2	6.843240E+0	1.057980E+5
2.440121E+2	6.699239E+0	2.946000E-2	6.843550E+0	1.057980E+5
2.450122E+2	6.702634E+0	2.964000E-2	6.842950E+0	1.057980E+5
2.460119E+2	6.700483E+0	3.025000E-2	6.843330E+0	1.057980E+5
2.470120E+2	6.714086E+0	3.058000E-2	6.840930E+0	1.057980E+5
2.480124E+2	6.825115E+0	3.071000E-2	6.821640E+0	1.057980E+5
2.490120E+2	6.933730E+0	3.085000E-2	6.803270E+0	1.057980E+5
2.500122E+2	6.992314E+0	3.083000E-2	6.793560E+0	1.057980E+5
2.510125E+2	7.036658E+0	3.088000E-2	6.786300E+0	1.057980E+5
2.520119E+2	7.057772E+0	3.078000E-2	6.782870E+0	1.057980E+5
2.530118E+2	7.066544E+0	3.093000E-2	6.781450E+0	1.057980E+5
2.540120E+2	7.100880E+0	3.096000E-2	6.775920E+0	1.057980E+5
2.550118E+2	7.097515E+0	3.081000E-2	6.776460E+0	1.057980E+5
2.560121E+2	7.108868E+0	3.092000E-2	6.774640E+0	1.057980E+5
2.570121E+2	7.113305E+0	3.094000E-2	6.773930E+0	1.057980E+5
2.580117E+2	7.119061E+0	3.083000E-2	6.773010E+0	1.057980E+5
2.590122E+2	7.118623E+0	3.087000E-2	6.773080E+0	1.057980E+5
2.600119E+2	7.119624E+0	3.110000E-2	6.772920E+0	1.057980E+5
2.610124E+2	7.119624E+0	3.092000E-2	6.772920E+0	1.057980E+5
2.620122E+2	7.120814E+0	3.085000E-2	6.772730E+0	1.057980E+5
2.630118E+2	7.120689E+0	3.083000E-2	6.772750E+0	1.057980E+5
2.640123E+2	7.124198E+0	3.087000E-2	6.772190E+0	1.057980E+5
2.650123E+2	7.124323E+0	3.083000E-2	6.772170E+0	1.057980E+5
2.660115E+2	7.121190E+0	3.102000E-2	6.772670E+0	1.057980E+5
2.670116E+2	7.122192E+0	3.109000E-2	6.772510E+0	1.057980E+5
2.680116E+2	7.124198E+0	3.101000E-2	6.772190E+0	1.057980E+5
2.690117E+2	7.235323E+0	3.135000E-2	6.754690E+0	1.057980E+5
2.700117E+2	7.346731E+0	3.123000E-2	6.737590E+0	1.057980E+5
2.710117E+2	7.408797E+0	3.116000E-2	6.728250E+0	1.057980E+5
2.720116E+2	7.454672E+0	3.129000E-2	6.721430E+0	1.057980E+5
2.730117E+2	7.480982E+0	3.123000E-2	6.717550E+0	1.057980E+5
2.740120E+2	7.508269E+0	3.146000E-2	6.713550E+0	1.057980E+5
2.750115E+2	7.520671E+0	3.118000E-2	6.711740E+0	1.057980E+5
2.760117E+2	7.532970E+0	3.130000E-2	6.709950E+0	1.057980E+5
2.770114E+2	7.540958E+0	3.128000E-2	6.708790E+0	1.057980E+5
2.780114E+2	7.543922E+0	3.144000E-2	6.708360E+0	1.057980E+5
2.790115E+2	7.553657E+0	3.138000E-2	6.706950E+0	1.057980E+5
2.800115E+2	7.557460E+0	3.123000E-2	6.706400E+0	1.057980E+5
2.810120E+2	7.557737E+0	3.127000E-2	6.706360E+0	1.057980E+5
2.820117E+2	7.561682E+0	3.116000E-2	6.705790E+0	1.057980E+5
2.830112E+2	7.558152E+0	3.114000E-2	6.706300E+0	1.057980E+5
2.840117E+2	7.559051E+0	3.129000E-2	6.706170E+0	1.057980E+5
2.850112E+2	7.559743E+0	3.133000E-2	6.706070E+0	1.057980E+5
2.860111E+2	7.560920E+0	3.138000E-2	6.705900E+0	1.057980E+5
2.870113E+2	7.563205E+0	3.136000E-2	6.705570E+0	1.057980E+5
2.880110E+2	7.563205E+0	3.138000E-2	6.705570E+0	1.057980E+5
2.890116E+2	7.556561E+0	3.143000E-2	6.706530E+0	1.057980E+5
2.900116E+2	7.670994E+0	3.153000E-2	6.690190E+0	1.057980E+5
2.910117E+2	7.770486E+0	3.162000E-2	6.676310E+0	1.057980E+5
2.920118E+2	7.855960E+0	3.169000E-2	6.664620E+0	1.057980E+5
2.930111E+2	7.896717E+0	3.164000E-2	6.659120E+0	1.057980E+5
2.940109E+2	7.922762E+0	3.178000E-2	6.655630E+0	1.057980E+5
2.950116E+2	7.948876E+0	3.195000E-2	6.652150E+0	1.057980E+5
2.960113E+2	7.967648E+0	3.180000E-2	6.649660E+0	1.057980E+5
2.970110E+2	7.986495E+0	3.176000E-2	6.647170E+0	1.057980E+5
2.980112E+2	7.991275E+0	3.191000E-2	6.646540E+0	1.057980E+5
2.990117E+2	7.994009E+0	3.186000E-2	6.646180E+0	1.057980E+5
3.000110E+2	8.006329E+0	3.189000E-2	6.644560E+0	1.057980E+5
3.010108E+2	8.007091E+0	3.184000E-2	6.644460E+0	1.057980E+5
3.020116E+2	8.014103E+0	3.172000E-2	6.643540E+0	1.057980E+5
3.030115E+2	8.012578E+0	3.189000E-2	6.643740E+0	1.057980E+5
3.040111E+2	8.017536E+0	3.191000E-2	6.643090E+0	1.057980E+5
3.050114E+2	8.018605E+0	3.181000E-2	6.642950E+0	1.057980E+5
3.060114E+2	8.018682E+0	3.195000E-2	6.642940E+0	1.057980E+5
3.070110E+2	8.022577E+0	3.187000E-2	6.642430E+0	1.057980E+5
3.080116E+2	8.023647E+0	3.169000E-2	6.642290E+0	1.057980E+5
3.090109E+2	8.022042E+0	3.190000E-2	6.642500E+0	1.057980E+5
3.100108E+2	8.020514E+0	3.194000E-2	6.642700E+0	1.057980E+5
3.110108E+2	8.020132E+0	3.204000E-2	6.642750E+0	1.057980E+5
3.120110E+2	8.025099E+0	3.198000E-2	6.642100E+0	1.057980E+5
3.130114E+2	8.113433E+0	3.199000E-2	6.630650E+0	1.057980E+5
3.140108E+2	8.218723E+0	3.236000E-2	6.617270E+0	1.057980E+5
3.150109E+2	8.288168E+0	3.245000E-2	6.608600E+0	1.057980E+5
3.160108E+2	8.347807E+0	3.264000E-2	6.601250E+0	1.057980E+5
3.170108E+2	8.388539E+0	3.253000E-2	6.596280E+0	1.057980E+5
3.180109E+2	8.416180E+0	3.258000E-2	6.592930E+0	1.057980E+5
3.190111E+2	8.432174E+0	3.252000E-2	6.591000E+0	1.057980E+5
3.200105E+2	8.453050E+0	3.263000E-2	6.588490E+0	1.057980E+5
3.210108E+2	8.464230E+0	3.259000E-2	6.587150E+0	1.057980E+5
3.220106E+2	8.476690E+0	3.243000E-2	6.585660E+0	1.057980E+5
3.230107E+2	8.479286E+0	3.270000E-2	6.585350E+0	1.057980E+5
3.240112E+2	8.488929E+0	3.256000E-2	6.584200E+0	1.057980E+5
3.250106E+2	8.486579E+0	3.269000E-2	6.584480E+0	1.057980E+5
3.260112E+2	8.484650E+0	3.272000E-2	6.584710E+0	1.057980E+5
3.270106E+2	8.488509E+0	3.276000E-2	6.584250E+0	1.057980E+5
3.280106E+2	8.502627E+0	3.252000E-2	6.582570E+0	1.057980E+5
3.290105E+2	8.498926E+0	3.251000E-2	6.583010E+0	1.057980E+5
3.300106E+2	8.495731E+0	3.232000E-2	6.583390E+0	1.057980E+5
3.310108E+2	8.498674E+0	3.245000E-2	6.583040E+0	1.057980E+5
3.320107E+2	8.500440E+0	3.249000E-2	6.582830E+0	1.057980E+5
3.330104E+2	8.495143E+0	3.251000E-2	6.583460E+0	1.057980E+5
3.340106E+2	8.507089E+0	3.262000E-2	6.582040E+0	1.057980E+5
3.350108E+2	8.500272E+0	3.247000E-2	6.582850E+0	1.057980E+5
3.360106E+2	8.495479E+0	3.247000E-2	6.583420E+0	1.057980E+5
3.370101E+2	8.493799E+0	3.250000E-2	6.583620E+0	1.057980E+5
3.380107E+2	8.501449E+0	3.247000E-2	6.582710E+0	1.057980E+5
3.390107E+2	8.499094E+0	3.234000E-2	6.582990E+0	1.057980E+5
3.400104E+2	8.503637E+0	3.237000E-2	6.582450E+0	1.057980E+5
3.410106E+2	8.503469E+0	3.244000E-2	6.582470E+0	1.057980E+5
3.420106E+2	8.500776E+0	3.252000E-2	6.582790E+0	1.057980E+5
3.430109E+2	8.496488E+0	3.271000E-2	6.583300E+0	1.057980E+5
3.440107E+2	8.503132E+0	3.702000E-2	6.582510E+0	1.057980E+5
3.450108E+2	8.586536E+0	3.923000E-2	6.572680E+0	1.057980E+5
3.460106E+2	8.689768E+0	4.029000E-2	6.560730E+0	1.057980E+5
3.470102E+2	8.761004E+0	4.109000E-2	6.552620E+0	1.057980E+5
3.480102E+2	8.816387E+0	4.192000E-2	6.546390E+0	1.057980E+5
3.490103E+2	8.859003E+0	4.264000E-2	6.541640E+0	1.057980E+5
3.500102E+2	8.888449E+0	4.321000E-2	6.538380E+0	1.057980E+5
3.510100E+2	8.911959E+0	4.340000E-2	6.535790E+0	1.057980E+5
3.520105E+2	8.925348E+0	4.352000E-2	6.534320E+0	1.057980E+5
3.530104E+2	8.947188E+0	4.364000E-2	6.531930E+0	1.057980E+5
3.540107E+2	8.951127E+0	4.353000E-2	6.531500E+0	1.057980E+5
3.550106E+2	8.956628E+0	4.361000E-2	6.530900E+0	1.057980E+5
3.560101E+2	8.973071E+0	4.357000E-2	6.529110E+0	1.057980E+5
3.570101E+2	8.978318E+0	4.362000E-2	6.528540E+0	1.057980E+5
3.580102E+2	8.978779E+0	4.340000E-2	6.528490E+0	1.057980E+5
3.590099E+2	8.975556E+0	4.386000E-2	6.528840E+0	1.057980E+5
3.600105E+2	8.979515E+0	4.368000E-2	6.528410E+0	1.057980E+5
3.610099E+2	8.987904E+0	4.367000E-2	6.527500E+0	1.057980E+5
3.620099E+2	8.987351E+0	4.379000E-2	6.527560E+0	1.057980E+5
3.630099E+2	8.993073E+0	4.372000E-2	6.526940E+0	1.057980E+5
3.640100E+2	8.992519E+0	4.369000E-2	6.527000E+0	1.057980E+5
3.650104E+2	8.994828E+0	4.373000E-2	6.526750E+0	1.057980E+5
3.660103E+2	8.995105E+0	4.383000E-2	6.526720E+0	1.057980E+5
3.670098E+2	8.992704E+0	4.371000E-2	6.526980E+0	1.057980E+5
3.680097E+2	8.995659E+0	4.374000E-2	6.526660E+0	1.057980E+5
3.690095E+2	8.989380E+0	4.376000E-2	6.527340E+0	1.057980E+5
3.700103E+2	8.993535E+0	4.386000E-2	6.526890E+0	1.057980E+5
3.710099E+2	8.995382E+0	4.376000E-2	6.526690E+0	1.057980E+5
3.720101E+2	8.992150E+0	4.373000E-2	6.527040E+0	1.057980E+5
3.730099E+2	8.995659E+0	4.372000E-2	6.526660E+0	1.057980E+5
3.740096E+2	8.993073E+0	4.382000E-2	6.526940E+0	1.057980E+5
3.750103E+2	8.996676E+0	4.367000E-2	6.526550E+0	1.057980E+5
3.760097E+2	8.998247E+0	4.357000E-2	6.526380E+0	1.057980E+5
3.770098E+2	8.991596E+0	4.375000E-2	6.527100E+0	1.057980E+5
3.780096E+2	9.002038E+0	4.379000E-2	6.525970E+0	1.057980E+5
3.790099E+2	8.997600E+0	4.374000E-2	6.526450E+0	1.057980E+5
3.800097E+2	9.000280E+0	4.380000E-2	6.526160E+0	1.057980E+5
3.810095E+2	8.993627E+0	4.378000E-2	6.526880E+0	1.057980E+5
3.820096E+2	8.999356E+0	4.388000E-2	6.526260E+0	1.057980E+5
3.830093E+2	9.071666E+0	4.369000E-2	6.518490E+0	1.057980E+5
3.840095E+2	9.161961E+0	4.382000E-2	6.508930E+0	1.057980E+5
3.850094E+2	9.242532E+0	4.371000E-2	6.500530E+0	1.057980E+5
3.860098E+2	9.296410E+0	4.387000E-2	6.494980E+0	1.057980E+5
3.870093E+2	9.344803E+0	4.382000E-2	6.490040E+0	1.057980E+5
3.880093E+2	9.378946E+0	4.382000E-2	6.486580E+0	1.057980E+5
3.890093E+2	9.403247E+0	4.393000E-2	6.484130E+0	1.057980E+5
3.900098E+2	9.418575E+0	4.404000E-2	6.482590E+0	1.057980E+5
3.910094E+2	9.430048E+0	4.398000E-2	6.481440E+0	1.057980E+5
3.920095E+2	9.454066E+0	4.396000E-2	6.479040E+0	1.057980E+5
3.930092E+2	9.461693E+0	4.387000E-2	6.478280E+0	1.057980E+5
3.940092E+2	9.473152E+0	4.379000E-2	6.477140E+0	1.057980E+5
3.950093E+2	9.475567E+0	4.389000E-2	6.476900E+0	1.057980E+5
3.960096E+2	9.482316E+0	4.390000E-2	6.476230E+0	1.057980E+5
3.970091E+2	9.488164E+0	4.389000E-2	6.475650E+0	1.057980E+5
3.980094E+2	9.487861E+0	4.394000E-2	6.475680E+0	1.057980E+5
3.990097E+2	9.494523E+0	4.404000E-2	6.475020E+0	1.057980E+5
4.000091E+2	9.494523E+0	4.397000E-2	6.475020E+0	1.057980E+5
4.010091E+2	9.500889E+0	4.392000E-2	6.474390E+0	1.057980E+5
4.020091E+2	9.499170E+0	4.397000E-2	6.474560E+0	1.057980E+5
4.030093E+2	9.496442E+0	4.391000E-2	6.474830E+0	1.057980E+5
4.040092E+2	9.536690E+0	4.380000E-2	6.470860E+0	1.057980E+5
4.050089E+2	9.502305E+0	4.399000E-2	6.474250E+0	1.057980E+5
4.060090E+2	9.500080E+0	4.404000E-2	6.474470E+0	1.057980E+5
4.070090E+2	9.508072E+0	4.403000E-2	6.473680E+0	1.057980E+5
4.080091E+2	9.512427E+0	4.403000E-2	6.473250E+0	1.057980E+5
4.090090E+2	9.501496E+0	4.387000E-2	6.474330E+0	1.057980E+5
4.100091E+2	9.507262E+0	4.417000E-2	6.473760E+0	1.057980E+5
4.110089E+2	9.504429E+0	4.401000E-2	6.474040E+0	1.057980E+5
4.120095E+2	9.500586E+0	4.390000E-2	6.474420E+0	1.057980E+5
4.130089E+2	9.502001E+0	4.409000E-2	6.474280E+0	1.057980E+5
4.140088E+2	9.502204E+0	4.401000E-2	6.474260E+0	1.057980E+5
4.150090E+2	9.493210E+0	4.392000E-2	6.475150E+0	1.057980E+5
4.160092E+2	9.502911E+0	4.397000E-2	6.474190E+0	1.057980E+5
4.170093E+2	9.566575E+0	4.379000E-2	6.467930E+0	1.057980E+5
4.180094E+2	9.663811E+0	4.374000E-2	6.458500E+0	1.057980E+5
4.190088E+2	9.739468E+0	4.393000E-2	6.451270E+0	1.057980E+5
4.200088E+2	9.795550E+0	4.395000E-2	6.445970E+0	1.057980E+5
4.210092E+2	9.841871E+0	4.403000E-2	6.441630E+0	1.057980E+5
4.220088E+2	9.876255E+0	4.409000E-2	6.438430E+0	1.057980E+5
4.230090E+2	9.904121E+0	4.393000E-2	6.435850E+0	1.057980E+5
4.240087E+2	9.929180E+0	4.390000E-2	6.433540E+0	1.057980E+5
4.250086E+2	9.949870E+0	4.408000E-2	6.431640E+0	1.057980E+5
4.260084E+2	9.966145E+0	4.392000E-2	6.430150E+0	1.057980E+5
4.270086E+2	9.980051E+0	4.396000E-2	6.428880E+0	1.057980E+5
4.280085E+2	9.984328E+0	4.386000E-2	6.428490E+0	1.057980E+5
4.290092E+2	9.990035E+0	4.389000E-2	6.427970E+0	1.057980E+5
4.300088E+2	9.997616E+0	4.371000E-2	6.427280E+0	1.057980E+5
4.310088E+2	1.000279E+1	4.382000E-2	6.426810E+0	1.057980E+5
4.320087E+2	1.000686E+1	4.387000E-2	6.426440E+0	1.057980E+5
4.330091E+2	1.000818E+1	4.398000E-2	6.426320E+0	1.057980E+5
4.340085E+2	1.000477E+1	4.399000E-2	6.426630E+0	1.057980E+5
4.350084E+2	1.000961E+1	4.372000E-2	6.426190E+0	1.057980E+5
4.360084E+2	1.001766E+1	4.373000E-2	6.425460E+0	1.057980E+5
4.370091E+2	1.001435E+1	4.380000E-2	6.425760E+0	1.057980E+5
4.380085E+2	1.002351E+1	4.380000E-2	6.424930E+0	1.057980E+5
4.390082E+2	1.002207E+1	4.394000E-2	6.425060E+0	1.057980E+5
4.400083E+2	1.002428E+1	4.378000E-2	6.424860E+0	1.057980E+5
4.410090E+2	1.002218E+1	4.372000E-2	6.425050E+0	1.057980E+5
4.420081E+2	1.002218E+1	4.389000E-2	6.425050E+0	1.057980E+5
4.430087E+2	1.002340E+1	4.390000E-2	6.424940E+0	1.057980E+5
4.440089E+2	1.001722E+1	4.388000E-2	6.425500E+0	1.057980E+5
4.450083E+2	1.001964E+1	4.391000E-2	6.425280E+0	1.057980E+5
4.460082E+2	1.001369E+1	4.379000E-2	6.425820E+0	1.057980E+5
4.470087E+2	1.002406E+1	4.387000E-2	6.424880E+0	1.057980E+5
4.480084E+2	1.002020E+1	4.388000E-2	6.425230E+0	1.057980E+5
4.490081E+2	1.002737E+1	4.413000E-2	6.424580E+0	1.057980E+5
4.500082E+2	1.001755E+1	4.400000E-2	6.425470E+0	1.057980E+5
4.510081E+2	1.002594E+1	4.395000E-2	6.424710E+0	1.057980E+5
4.520084E+2	1.001975E+1	4.379000E-2	6.425270E+0	1.057980E+5
4.530081E+2	1.002737E+1	4.382000E-2	6.424580E+0	1.057980E+5
4.540080E+2	1.002009E+1	4.378000E-2	6.425240E+0	1.057980E+5
4.550081E+2	1.002130E+1	4.385000E-2	6.425130E+0	1.057980E+5
4.560080E+2	1.002273E+1	4.385000E-2	6.425000E+0	1.057980E+5
4.570083E+2	1.002494E+1	4.383000E-2	6.424800E+0	1.057980E+5
4.580085E+2	1.002329E+1	4.380000E-2	6.424950E+0	1.057980E+5
4.590083E+2	1.002859E+1	4.387000E-2	6.424470E+0	1.057980E+5
4.600084E+2	1.008286E+1	4.381000E-2	6.419580E+0	1.057980E+5
4.610083E+2	1.016987E+1	4.371000E-2	6.411830E+0	1.057980E+5
4.620080E+2	1.024277E+1	4.385000E-2	6.405420E+0	1.057980E+5
4.630080E+2	1.031352E+1	4.367000E-2	6.399270E+0	1.057980E+5
4.640079E+2	1.035274E+1	4.372000E-2	6.395890E+0	1.057980E+5
4.650078E+2	1.039221E+1	4.373000E-2	6.392510E+0	1.057980E+5
4.660085E+2	1.041909E+1	4.391000E-2	6.390220E+0	1.057980E+5
4.670078E+2	1.041980E+1	4.374000E-2	6.390160E+0	1.057980E+5
4.680079E+2	1.046052E+1	4.389000E-2	6.386710E+0	1.057980E+5
4.690079E+2	1.049102E+1	4.366000E-2	6.384140E+0	1.057980E+5
4.700078E+2	1.049816E+1	4.403000E-2	6.383540E+0	1.057980E+5
4.710080E+2	1.050734E+1	4.370000E-2	6.382770E+0	1.057980E+5
4.720083E+2	1.051139E+1	4.376000E-2	6.382430E+0	1.057980E+5
4.730082E+2	1.054754E+1	4.398000E-2	6.379410E+0	1.057980E+5
4.740083E+2	1.051581E+1	4.373000E-2	6.382060E+0	1.057980E+5
4.750077E+2	1.054406E+1	4.375000E-2	6.379700E+0	1.057980E+5
4.760076E+2	1.050829E+1	4.372000E-2	6.382690E+0	1.057980E+5
4.770077E+2	1.053638E+1	4.386000E-2	6.380340E+0	1.057980E+5
4.780079E+2	1.054550E+1	4.369000E-2	6.379580E+0	1.057980E+5
4.790075E+2	1.055414E+1	4.388000E-2	6.378860E+0	1.057980E+5
4.800083E+2	1.055426E+1	4.367000E-2	6.378850E+0	1.057980E+5
4.810079E+2	1.055270E+1	4.397000E-2	6.378980E+0	1.057980E+5
4.820081E+2	1.054838E+1	4.388000E-2	6.379340E+0	1.057980E+5
4.830080E+2	1.055282E+1	4.376000E-2	6.378970E+0	1.057980E+5
4.840080E+2	1.055570E+1	4.379000E-2	6.378730E+0	1.057980E+5
4.850075E+2	1.055366E+1	4.380000E-2	6.378900E+0	1.057980E+5
4.860075E+2	1.054874E+1	4.383000E-2	6.379310E+0	1.057980E+5
4.870076E+2	1.055895E+1	4.378000E-2	6.378460E+0	1.057980E+5
4.880077E+2	1.055426E+1	4.384000E-2	6.378850E+0	1.057980E+5
4.890077E+2	1.055919E+1	4.373000E-2	6.378440E+0	1.057980E+5
4.900073E+2	1.055186E+1	4.368000E-2	6.379050E+0	1.057980E+5
4.910079E+2	1.056917E+1	4.374000E-2	6.377610E+0	1.057980E+5
4.920072E+2	1.055594E+1	4.383000E-2	6.378710E+0	1.057980E+5
4.930077E+2	1.045578E+1	4.377000E-2	6.387110E+0	1.057980E+5
4.940077E+2	1.028662E+1	4.388000E-2	6.401600E+0	1.057980E+5
4.950072E+2	1.013042E+1	4.370000E-2	6.415330E+0	1.057980E+5
4.960073E+2	1.001237E+1	4.375000E-2	6.425940E+0	1.057980E+5
4.970073E+2	9.910620E+0	4.392000E-2	6.435250E+0	1.057980E+5
4.980073E+2	9.828493E+0	4.380000E-2	6.442880E+0	1.057980E+5
4.990075E+2	9.768819E+0	4.391000E-2	6.448490E+0	1.057980E+5
5.000074E+2	9.718233E+0	4.393000E-2	6.453290E+0	1.057980E+5
5.010072E+2	9.679845E+0	4.394000E-2	6.456960E+0	1.057980E+5
5.020076E+2	9.636115E+0	4.375000E-2	6.461170E+0	1.057980E+5
5.030078E+2	9.618549E+0	4.395000E-2	6.462870E+0	1.057980E+5
5.040072E+2	9.591271E+0	4.395000E-2	6.465520E+0	1.057980E+5
5.050076E+2	9.576912E+0	4.398000E-2	6.466920E+0	1.057980E+5
5.060071E+2	9.558400E+0	4.393000E-2	6.468730E+0	1.057980E+5
5.070072E+2	9.549319E+0	4.386000E-2	6.469620E+0	1.057980E+5
5.080075E+2	9.536486E+0	4.374000E-2	6.470880E+0	1.057980E+5
5.090069E+2	9.532114E+0	4.386000E-2	6.471310E+0	1.057980E+5
5.100077E+2	9.520030E+0	4.384000E-2	6.472500E+0	1.057980E+5
5.110070E+2	9.519624E+0	4.389000E-2	6.472540E+0	1.057980E+5
5.120076E+2	9.516987E+0	4.381000E-2	6.472800E+0	1.057980E+5
5.130076E+2	9.513541E+0	4.381000E-2	6.473140E+0	1.057980E+5
5.140069E+2	9.508679E+0	4.389000E-2	6.473620E+0	1.057980E+5
5.150075E+2	9.507971E+0	4.366000E-2	6.473690E+0	1.057980E+5
5.160069E+2	9.508274E+0	4.370000E-2	6.473660E+0	1.057980E+5
5.170069E+2	9.504226E+0	4.377000E-2	6.474060E+0	1.057980E+5
5.180071E+2	9.505845E+0	4.372000E-2	6.473900E+0	1.057980E+5
5.190072E+2	9.507262E+0	4.374000E-2	6.473760E+0	1.057980E+5
5.200070E+2	9.504631E+0	4.366000E-2	6.474020E+0	1.057980E+5
5.210072E+2	9.495735E+0	4.380000E-2	6.474900E+0	1.057980E+5
5.220068E+2	9.374296E+0	4.361000E-2	6.487050E+0	1.057980E+5
5.230074E+2	9.177123E+0	4.342000E-2	6.507340E+0	1.057980E+5
5.240066E+2	9.021404E+0	4.090000E-2	6.523880E+0	1.057980E+5
5.250067E+2	8.899420E+0	3.931000E-2	6.537170E+0	1.057980E+5
5.260067E+2	8.811921E+0	3.805000E-2	6.546890E+0	1.057980E+5
5.270069E+2	8.739999E+0	3.613000E-2	6.555000E+0	1.057980E+5
5.280074E+2	8.688721E+0	3.334000E-2	6.560850E+0	1.057980E+5
5.290077E+2	8.644336E+0	3.273000E-2	6.565960E+0	1.057980E+5
5.300078E+2	8.610971E+0	3.276000E-2	6.569830E+0	1.057980E+5
5.310092E+2	8.593897E+0	3.271000E-2	6.571820E+0	1.057980E+5
5.320084E+2	8.566474E+0	3.258000E-2	6.575030E+0	1.057980E+5
5.330086E+2	8.547423E+0	3.255000E-2	6.577270E+0	1.057980E+5
5.340084E+2	8.540806E+0	3.261000E-2	6.578050E+0	1.057980E+5
5.350085E+2	8.531489E+0	3.263000E-2	6.579150E+0	1.057980E+5
5.360085E+2	8.521766E+0	3.252000E-2	6.580300E+0	1.057980E+5
5.370085E+2	8.517122E+0	3.250000E-2	6.580850E+0	1.057980E+5
5.380086E+2	8.509954E+0	3.248000E-2	6.581700E+0	1.057980E+5
5.390085E+2	8.506753E+0	3.249000E-2	6.582080E+0	1.057980E+5
5.400084E+2	8.506247E+0	3.263000E-2	6.582140E+0	1.057980E+5
5.410082E+2	8.505574E+0	3.250000E-2	6.582220E+0	1.057980E+5
5.420084E+2	8.500860E+0	3.252000E-2	6.582780E+0	1.057980E+5
5.430085E+2	8.499431E+0	3.269000E-2	6.582950E+0	1.057980E+5
5.440083E+2	8.500103E+0	3.254000E-2	6.582870E+0	1.057980E+5
5.450083E+2	8.498421E+0	3.252000E-2	6.583070E+0	1.057980E+5
5.460083E+2	8.496236E+0	3.262000E-2	6.583330E+0	1.057980E+5
5.470084E+2	8.500019E+0	3.247000E-2	6.582880E+0	1.057980E+5
5.480081E+2	8.497244E+0	3.247000E-2	6.583210E+0	1.057980E+5
5.490083E+2	8.495143E+0	3.249000E-2	6.583460E+0	1.057980E+5
5.500084E+2	8.502038E+0	3.260000E-2	6.582640E+0	1.057980E+5
5.510082E+2	8.496824E+0	3.255000E-2	6.583260E+0	1.057980E+5
5.520082E+2	8.498926E+0	3.251000E-2	6.583010E+0	1.057980E+5
5.530083E+2	8.498085E+0	3.241000E-2	6.583110E+0	1.057980E+5
5.540089E+2	8.499178E+0	3.262000E-2	6.582980E+0	1.057980E+5
5.550092E+2	8.498842E+0	3.250000E-2	6.583020E+0	1.057980E+5
5.560098E+2	8.496908E+0	3.210000E-2	6.583250E+0	1.057980E+5
5.570094E+2	8.491027E+0	3.174000E-2	6.583950E+0	1.057980E+5
5.580095E+2	8.327279E+0	3.170000E-2	6.603770E+0	1.057980E+5
5.590091E+2	8.120913E+0	3.146000E-2	6.629690E+0	1.057980E+5
5.600092E+2	7.969688E+0	3.131000E-2	6.649390E+0	1.057980E+5
5.610090E+2	7.862753E+0	3.151000E-2	6.663700E+0	1.057980E+5
5.620091E+2	7.788053E+0	3.129000E-2	6.673890E+0	1.057980E+5
5.630091E+2	7.730303E+0	3.131000E-2	6.681880E+0	1.057980E+5
5.640092E+2	7.682070E+0	3.126000E-2	6.688630E+0	1.057980E+5
5.650090E+2	7.650969E+0	3.123000E-2	6.693020E+0	1.057980E+5
5.660091E+2	7.624216E+0	3.120000E-2	6.696820E+0	1.057980E+5
5.670091E+2	7.608380E+0	3.121000E-2	6.699080E+0	1.057980E+5
5.680090E+2	7.597550E+0	3.134000E-2	6.700630E+0	1.057980E+5
5.690090E+2	7.591134E+0	3.129000E-2	6.701550E+0	1.057980E+5
5.700089E+2	7.577287E+0	3.122000E-2	6.703540E+0	1.057980E+5
5.710090E+2	7.577635E+0	3.123000E-2	6.703490E+0	1.057980E+5
5.720088E+2	7.568542E+0	3.131000E-2	6.704800E+0	1.057980E+5
5.730090E+2	7.565214E+0	3.123000E-2	6.705280E+0	1.057980E+5
5.740090E+2	7.566046E+0	3.126000E-2	6.705160E+0	1.057980E+5
5.750089E+2	7.564036E+0	3.128000E-2	6.705450E+0	1.057980E+5
5.760089E+2	7.561474E+0	3.121000E-2	6.705820E+0	1.057980E+5
5.770089E+2	7.560366E+0	3.122000E-2	6.705980E+0	1.057980E+5
5.780088E+2	7.561405E+0	3.133000E-2	6.705830E+0	1.057980E+5
5.790088E+2	7.559051E+0	3.138000E-2	6.706170E+0	1.057980E+5
5.800087E+2	7.562166E+0	3.136000E-2	6.705720E+0	1.057980E+5
5.810088E+2	7.559605E+0	3.131000E-2	6.706090E+0	1.057980E+5
5.820087E+2	7.560297E+0	3.154000E-2	6.705990E+0	1.057980E+5
5.830088E+2	7.564452E+0	3.133000E-2	6.705390E+0	1.057980E+5
5.840091E+2	7.555109E+0	3.107000E-2	6.706740E+0	1.057980E+5
5.850104E+2	7.358757E+0	3.074000E-2	6.735770E+0	1.057980E+5
5.860106E+2	7.143863E+0	3.065000E-2	6.769060E+0	1.057980E+5
5.870105E+2	7.002655E+0	3.046000E-2	6.791860E+0	1.057980E+5
5.880106E+2	6.908822E+0	3.046000E-2	6.807440E+0	1.057980E+5
5.890107E+2	6.847173E+0	3.032000E-2	6.817870E+0	1.057980E+5
5.900107E+2	6.798883E+0	3.027000E-2	6.826150E+0	1.057980E+5
5.910107E+2	6.767120E+0	3.008000E-2	6.831650E+0	1.057980E+5
5.920105E+2	6.745949E+0	3.013000E-2	6.835340E+0	1.057980E+5
5.930106E+2	6.730071E+0	3.017000E-2	6.838120E+0	1.057980E+5
5.940106E+2	6.724603E+0	3.001000E-2	6.839080E+0	1.057980E+5
5.950108E+2	6.714143E+0	3.017000E-2	6.840920E+0	1.057980E+5
5.960105E+2	6.710114E+0	2.985000E-2	6.841630E+0	1.057980E+5
5.970107E+2	6.708016E+0	2.979000E-2	6.842000E+0	1.057980E+5
5.980107E+2	6.705636E+0	2.996000E-2	6.842420E+0	1.057980E+5
5.990105E+2	6.703087E+0	2.954000E-2	6.842870E+0	1.057980E+5
6.000108E+2	6.701163E+0	2.989000E-2	6.843210E+0	1.057980E+5
6.010105E+2	6.700144E+0	3.011000E-2	6.843390E+0	1.057980E+5
6.020106E+2	6.700370E+0	2.994000E-2	6.843350E+0	1.057980E+5
6.030106E+2	6.695733E+0	2.990000E-2	6.844170E+0	1.057980E+5
6.040103E+2	6.700031E+0	2.989000E-2	6.843410E+0	1.057980E+5
6.050103E+2	6.696412E+0	2.986000E-2	6.844050E+0	1.057980E+5
6.060108E+2	6.700314E+0	2.996000E-2	6.843360E+0	1.057980E+5
6.070103E+2	6.697429E+0	2.972000E-2	6.843870E+0	1.057980E+5
6.080104E+2	6.699748E+0	2.991000E-2	6.843460E+0	1.057980E+5
6.090103E+2	6.703200E+0	2.999000E-2	6.842850E+0	1.057980E+5
6.100107E+2	6.696468E+0	2.990000E-2	6.844040E+0	1.057980E+5
6.110102E+2	6.698334E+0	2.997000E-2	6.843710E+0	1.057980E+5
6.120106E+2	6.698900E+0	3.007000E-2	6.843610E+0	1.057980E+5
6.130103E+2	6.698051E+0	3.019000E-2	6.843760E+0	1.057980E+5
6.140105E+2	6.698730E+0	3.035000E-2	6.843640E+0	1.057980E+5
6.150104E+2	6.693643E+0	2.863000E-2	6.844540E+0	1.057980E+5
6.160105E+2	6.682812E+0	2.798000E-2	6.846460E+0	1.057980E+5
6.170101E+2	6.453927E+0	2.765000E-2	6.888290E+0	1.057980E+5
6.180102E+2	6.255612E+0	2.729000E-2	6.926590E+0	1.057980E+5
6.190099E+2	6.138571E+0	2.727000E-2	6.950160E+0	1.057980E+5
6.200104E+2	6.067989E+0	2.736000E-2	6.964740E+0	1.057980E+5
6.210101E+2	6.019555E+0	2.721000E-2	6.974910E+0	1.057980E+5
6.220099E+2	5.992456E+0	2.718000E-2	6.980660E+0	1.057980E+5
6.230100E+2	5.972277E+0	2.733000E-2	6.984970E+0	1.057980E+5
6.240102E+2	5.959321E+0	2.719000E-2	6.987750E+0	1.057980E+5
6.250101E+2	5.950632E+0	2.717000E-2	6.989620E+0	1.057980E+5
6.260104E+2	5.945346E+0	2.736000E-2	6.990760E+0	1.057980E+5
6.270105E+2	5.942706E+0	2.741000E-2	6.991330E+0	1.057980E+5
6.280100E+2	5.937431E+0	2.713000E-2	6.992470E+0	1.057980E+5
6.290097E+2	5.938125E+0	2.711000E-2	6.992320E+0	1.057980E+5
6.300100E+2	5.936830E+0	2.668000E-2	6.992600E+0	1.057980E+5
6.310100E+2	5.884337E+0	2.637000E-2	7.004040E+0	1.057980E+5
6.320098E+2	5.353008E+0	2.631000E-2	7.130250E+0	1.057980E+5
6.330096E+2	4.990250E+0	2.629000E-2	7.229100E+0	1.057980E+5
6.340102E+2	4.785957E+0	2.622000E-2	7.290200E+0	1.057980E+5
6.350104E+2	4.675191E+0	2.621000E-2	7.325170E+0	1.057980E+5
6.360110E+2	4.614284E+0	2.636000E-2	7.344990E+0	1.057980E+5
6.370114E+2	4.581707E+0	2.610000E-2	7.355770E+0	1.057980E+5
6.380118E+2	4.564068E+0	2.625000E-2	7.361660E+0	1.057980E+5
6.390115E+2	4.552451E+0	2.628000E-2	7.365560E+0	1.057980E+5
6.400117E+2	4.545207E+0	2.642000E-2	7.368000E+0	1.057980E+5
6.410116E+2	4.541711E+0	2.619000E-2	7.369180E+0	1.057980E+5
6.420120E+2	4.539787E+0	2.624000E-2	7.369830E+0	1.057980E+5
6.430116E+2	4.540024E+0	2.623000E-2	7.369750E+0	1.057980E+5
6.440120E+2	4.540438E+0	2.632000E-2	7.369610E+0	1.057980E+5
6.450120E+2	4.539077E+0	2.615000E-2	7.370070E+0	1.057980E+5
6.460116E+2	4.539639E+0	2.632000E-2	7.369880E+0	1.057980E+5
6.470118E+2	4.539018E+0	2.614000E-2	7.370090E+0	1.057980E+5
6.480112E+2	4.537302E+0	2.622000E-2	7.370670E+0	1.057980E+5
6.490112E+2	4.539343E+0	2.627000E-2	7.369980E+0	1.057980E+5
6.500121E+2	4.538308E+0	2.610000E-2	7.370330E+0	1.057980E+5
6.510116E+2	4.539225E+0	2.646000E-2	7.370020E+0	1.057980E+5
6.520114E+2	4.540349E+0	2.632000E-2	7.369640E+0	1.057980E+5
6.530114E+2	4.537776E+0	2.641000E-2	7.370510E+0	1.057980E+5
6.540114E+2	4.537273E+0	2.627000E-2	7.370680E+0	1.057980E+5
6.550114E+2	4.540083E+0	2.629000E-2	7.369730E+0	1.057980E+5
6.560114E+2	4.542066E+0	2.623000E-2	7.369060E+0	1.057980E+5
6.570113E+2	4.531839E+0	2.619000E-2	7.372520E+0	1.057980E+5
6.580117E+2	4.526769E+0	2.620000E-2	7.374240E+0	1.057980E+5
6.590113E+2	4.540941E+0	2.616000E-2	7.369440E+0	1.057980E+5
6.600113E+2	4.542510E+0	2.625000E-2	7.368910E+0	1.057980E+5
