sec,Volt,sec,ch1
DataType	DisplayMode	Points	Count	Xincrement	Xorigin	Xreference	Yincrement	Yorigin	Yreference	Channel	
1	1	600	2	0,000004	0,00080800005942	0	0,002	0,128	100	1
ch1
37
36
36
36
37
36
36
37
37
36
37
36
36
37
36
37
36
37
36
37
36
37
36
36
36
37
36
36
37
36
36
37
36
37
37
36
36
36
36
36
36
36
36
36
37
36
36
37
37
36
36
37
36
36
36
36
36
36
36
36
36
36
36
36
36
36
36
36
36
38
36
36
36
36
36
37
36
36
36
37
36
36
36
37
36
36
37
36
37
36
37
36
36
36
36
36
36
36
37
36
37
36
36
36
36
36
36
36
36
37
37
36
36
36
36
35
36
36
36
36
36
37
36
36
36
36
36
36
36
36
36
37
36
37
37
36
36
37
37
36
37
37
36
37
36
37
36
36
36
36
36
36
36
36
36
36
36
36
36
36
36
36
36
36
36
36
36
36
36
36
36
36
36
36
36
37
36
36
36
36
36
36
36
36
36
36
36
37
36
36
36
36
36
36
36
36
36
36
36
36
36
36
36
37
36
36
36
36
36
37
36
37
36
37
36
37
37
36
37
36
37
37
38
37
37
38
38
39
38
40
40
39
40
42
42
46
46
51
52
69
71
91
92
101
102
104
103
98
96
85
84
76
76
68
68
62
61
57
57
54
53
51
51
48
47
48
47
45
45
43
43
42
43
42
42
40
40
41
40
39
39
40
39
38
39
38
38
38
38
37
38
37
37
38
37
38
37
37
37
36
37
36
36
38
37
36
36
37
36
37
37
36
36
37
36
37
36
37
36
36
36
36
36
37
37
36
36
37
36
36
36
37
36
36
36
37
36
37
36
36
36
37
36
36
36
36
36
36
36
36
36
36
36
36
36
36
36
36
36
36
36
36
36
36
36
37
36
36
36
36
36
36
36
36
36
36
36
36
36
36
36
36
36
36
36
36
36
36
36
36
36
35
36
36
36
36
35
36
36
36
36
36
36
36
36
35
36
35
36
36
36
36
36
36
36
36
36
36
36
36
36
36
36
36
36
36
36
36
35
37
36
35
36
36
36
36
36
35
36
35
36
35
36
35
36
35
35
36
36
35
36
35
36
35
36
35
36
36
36
35
35
36
36
37
36
37
36
37
36
36
36
36
36
36
36
36
36
36
36
36
36
36
36
36
36
35
36
36
36
35
36
35
36
36
36
35
36
36
36
36
36
35
36
35
36
35
35
36
36
35
36
35
36
35
36
35
36
35
36
36
36
36
36
36
36
36
36
36
36
36
36
36
36
37
36
36
36
37
36
37
36
37
36
37
37
38
38
39
39
41
41
43
44
51
52
66
68
83
85
101
101
104
104
99
98
85
84
71
70
64
63
56
55
50
50
47
47
45
45
44
44
42
43
41
41
40
40
39
39
38
38
38
38
37
37
38
37
36
38
36

