sec,Volt,sec,ch1
DataType	DisplayMode	Points	Count	Xincrement	Xorigin	Xreference	Yincrement	Yorigin	Yreference	Channel	
1	1	600	2	0,000004	0,00039200005942	0	0,002	0,128	100	1
ch1
38
37
37
38
37
37
37
38
37
38
37
38
37
38
37
37
37
36
36
39
37
37
37
36
37
37
37
37
37
37
36
37
37
37
37
37
37
36
36
37
38
36
36
38
37
36
37
38
36
37
38
36
37
36
38
36
36
37
37
36
37
37
37
36
37
37
37
36
37
38
38
36
36
38
39
36
37
38
37
36
38
36
36
37
36
38
37
36
37
38
37
37
37
36
37
37
37
36
38
37
37
38
40
37
38
40
39
40
40
41
41
42
42
44
44
53
53
60
61
74
75
82
81
75
76
73
72
68
68
63
63
58
58
54
54
50
50
47
47
45
45
42
42
41
41
40
41
39
40
39
40
39
39
38
38
39
38
39
38
39
38
38
38
38
38
37
38
37
39
37
37
38
38
37
38
37
37
38
37
38
38
37
38
37
38
38
37
38
37
38
38
37
38
38
38
39
38
39
38
40
39
40
39
40
40
41
41
42
42
46
47
52
52
63
65
80
81
102
104
119
120
129
129
131
129
124
123
109
107
94
93
83
82
72
71
65
64
60
60
57
56
52
52
48
48
45
45
44
44
42
42
41
41
40
40
40
40
40
40
39
40
39
40
39
39
38
38
40
39
38
39
38
38
39
38
39
38
39
38
37
38
38
37
38
37
39
38
37
38
37
37
38
37
38
37
39
38
37
37
38
37
37
37
38
37
38
38
37
37
37
37
37
37
37
38
36
37
36
37
36
37
36
36
37
36
39
37
36
36
38
36
37
38
36
36
37
37
36
37
36
37
36
37
36
37
36
37
36
36
37
36
37
37
36
37
36
36
37
36
37
36
37
36
37
36
37
36
37
36
37
36
37
36
37
36
37
36
36
37
36
37
36
36
37
37
36
36
37
37
36
36
37
37
36
36
37
37
36
36
37
36
37
36
37
37
36
36
36
36
37
37
36
37
36
37
36
37
37
37
37
37
38
37
39
40
37
38
40
39
40
40
42
43
46
48
54
55
59
59
64
65
72
73
78
80
78
78
74
74
72
71
66
65
58
57
55
55
52
51
48
48
45
45
43
43
42
42
40
41
40
40
39
39
40
39
38
39
38
38
39
38
37
38
37
37
38
37
38
38
37
37
38
38
37
37
38
37
38
37
37
38
37
37
38
37
38
37
37
37
38
37
38
37
38
37
38
37
38
37
38
38
37
37
38
38
39
38
39
39
40
39
40
40
41
41
42
42
45
45
52
52
65
67
81
82
90
91
102
103
119
121
124
123
118
116
99
98
93
93
87
86
74
73
63
62
58
58
52
52
48
48
45
45
43
43
42
42
41
41
42
41
40
39
41
39
40
40
39
39
38
39
39
38
39
39
38
39
38
38
38

