sec,Volt,sec,ch1
DataType	DisplayMode	Points	Count	Xincrement	Xorigin	Xreference	Yincrement	Yorigin	Yreference	Channel	
1	1	600	2	0,000004	0,00080800005942	0	0,002	0,128	100	1
ch1
36
35
36
36
36
36
36
35
36
36
36
36
35
36
36
35
36
36
36
36
36
35
36
36
36
36
36
35
36
35
36
35
36
35
36
35
36
36
36
36
36
36
36
36
36
35
36
35
36
35
36
35
35
36
35
36
36
36
36
35
36
36
36
35
36
36
36
36
36
36
36
35
36
36
35
37
36
36
36
35
36
35
36
36
36
36
36
36
36
36
36
37
36
36
36
36
36
37
37
36
37
36
37
38
37
40
40
44
45
55
57
66
66
72
72
70
71
68
68
63
62
57
54
50
50
46
45
43
43
41
41
40
40
39
39
38
39
38
38
37
37
36
37
36
36
37
36
37
36
37
36
37
36
36
36
36
36
36
36
36
36
36
36
36
36
36
36
36
36
35
36
36
36
36
36
36
36
36
36
36
35
37
36
36
36
36
36
36
36
36
36
36
36
36
36
35
36
36
36
36
36
36
36
36
36
36
36
36
36
36
36
37
37
38
39
40
40
41
40
40
40
39
39
37
39
38
38
37
37
36
37
36
36
37
36
36
36
36
36
36
36
36
36
36
36
35
36
36
35
36
36
36
36
35
36
35
36
36
36
35
36
35
36
36
36
35
36
36
35
36
36
35
36
35
35
36
36
36
36
35
36
35
36
36
35
36
36
36
36
35
36
35
36
35
35
36
36
35
36
35
36
35
36
35
36
35
36
35
36
35
35
36
35
36
35
36
36
35
36
35
36
35
35
36
36
35
36
35
36
35
36
34
36
35
36
35
36
35
35
36
36
35
36
35
35
36
35
36
36
35
35
36
36
35
36
35
35
36
36
35
36
35
36
35
35
36
36
35
36
35
36
35
36
35
35
36
35
36
36
35
36
35
36
35
35
36
36
35
35
36
36
35
36
36
36
35
36
35
36
35
35
36
36
35
36
35
36
35
36
35
36
35
36
35
36
36
36
36
36
36
36
36
36
36
36
37
36
37
36
37
37
38
38
39
39
42
42
49
51
62
63
70
69
71
69
65
65
58
58
54
54
49
48
45
45
42
43
40
40
39
38
40
39
37
38
37
37
36
36
37
37
36
36
37
36
36
36
37
36
36
36
36
36
35
36
36
36
36
36
36
36
36
36
35
36
35
35
36
36
36
36
35
36
35
36
36
36
35
36
35
36
35
35
36
36
36
36
35
36
35
36
35
35
36
35
36
36
36
36
35
36
36
35
36
36
38
38
40
40
40
40
39
39
40
39
37
38
36
37
36
36
36
36
36
36
36
36
36
36
35
36
35
36
35
36
35
36
35
35
36
35
36
36
35
36
35
36
35
36
35
36
35
35
36
36
35
36
36
35
36
36
35
35
36
34
36
35
36
35
36

