ch1
4.00E+00
2.00E+00
2.00E+00
4.00E+00
2.00E+00
2.00E+00
2.00E+00
4.00E+00
2.00E+00
4.00E+00
2.00E+00
4.00E+00
2.00E+00
4.00E+00
2.00E+00
2.00E+00
2.00E+00
0.00E+00
0.00E+00
6.00E+00
2.00E+00
2.00E+00
2.00E+00
0.00E+00
2.00E+00
2.00E+00
2.00E+00
2.00E+00
2.00E+00
2.00E+00
0.00E+00
2.00E+00
2.00E+00
2.00E+00
2.00E+00
2.00E+00
2.00E+00
0.00E+00
0.00E+00
2.00E+00
4.00E+00
0.00E+00
0.00E+00
4.00E+00
2.00E+00
0.00E+00
2.00E+00
4.00E+00
0.00E+00
2.00E+00
4.00E+00
0.00E+00
2.00E+00
0.00E+00
4.00E+00
0.00E+00
0.00E+00
2.00E+00
2.00E+00
0.00E+00
2.00E+00
2.00E+00
2.00E+00
0.00E+00
2.00E+00
2.00E+00
2.00E+00
0.00E+00
2.00E+00
4.00E+00
4.00E+00
0.00E+00
0.00E+00
4.00E+00
6.00E+00
0.00E+00
2.00E+00
4.00E+00
2.00E+00
0.00E+00
4.00E+00
0.00E+00
0.00E+00
2.00E+00
0.00E+00
4.00E+00
2.00E+00
0.00E+00
2.00E+00
4.00E+00
2.00E+00
2.00E+00
2.00E+00
0.00E+00
2.00E+00
2.00E+00
2.00E+00
0.00E+00
4.00E+00
2.00E+00
2.00E+00
4.00E+00
8.00E+00
2.00E+00
4.00E+00
8.00E+00
6.00E+00
8.00E+00
8.00E+00
1.00E+01
1.00E+01
1.20E+01
1.20E+01
1.60E+01
1.60E+01
3.40E+01
3.40E+01
4.80E+01
5.00E+01
7.60E+01
7.80E+01
9.20E+01
9.00E+01
7.80E+01
8.00E+01
7.40E+01
7.20E+01
6.40E+01
6.40E+01
5.40E+01
5.40E+01
4.40E+01
4.40E+01
3.60E+01
3.60E+01
2.80E+01
2.80E+01
2.20E+01
2.20E+01
1.80E+01
1.80E+01
1.20E+01
1.20E+01
1.00E+01
1.00E+01
8.00E+00
1.00E+01
6.00E+00
8.00E+00
6.00E+00
8.00E+00
6.00E+00
6.00E+00
4.00E+00
4.00E+00
6.00E+00
4.00E+00
6.00E+00
4.00E+00
6.00E+00
4.00E+00
4.00E+00
4.00E+00
4.00E+00
4.00E+00
2.00E+00
4.00E+00
2.00E+00
6.00E+00
2.00E+00
2.00E+00
4.00E+00
4.00E+00
2.00E+00
4.00E+00
2.00E+00
2.00E+00
4.00E+00
2.00E+00
4.00E+00
4.00E+00
2.00E+00
4.00E+00
2.00E+00
4.00E+00
4.00E+00
2.00E+00
4.00E+00
2.00E+00
4.00E+00
4.00E+00
2.00E+00
4.00E+00
4.00E+00
4.00E+00
6.00E+00
4.00E+00
6.00E+00
4.00E+00
8.00E+00
6.00E+00
8.00E+00
6.00E+00
8.00E+00
8.00E+00
1.00E+01
1.00E+01
1.20E+01
1.20E+01
2.00E+01
2.20E+01
3.20E+01
3.20E+01
5.40E+01
5.80E+01
8.80E+01
9.00E+01
1.32E+02
1.36E+02
1.66E+02
1.68E+02
1.86E+02
1.86E+02
1.90E+02
1.86E+02
1.76E+02
1.74E+02
1.46E+02
1.42E+02
1.16E+02
1.14E+02
9.40E+01
9.20E+01
7.20E+01
7.00E+01
5.80E+01
5.60E+01
4.80E+01
4.80E+01
4.20E+01
4.00E+01
3.20E+01
3.20E+01
2.40E+01
2.40E+01
1.80E+01
1.80E+01
1.60E+01
1.60E+01
1.20E+01
1.20E+01
1.00E+01
1.00E+01
8.00E+00
8.00E+00
8.00E+00
8.00E+00
8.00E+00
8.00E+00
6.00E+00
8.00E+00
6.00E+00
8.00E+00
6.00E+00
6.00E+00
4.00E+00
4.00E+00
8.00E+00
6.00E+00
4.00E+00
6.00E+00
4.00E+00
4.00E+00
6.00E+00
4.00E+00
6.00E+00
4.00E+00
6.00E+00
4.00E+00
2.00E+00
4.00E+00
4.00E+00
2.00E+00
4.00E+00
2.00E+00
6.00E+00
4.00E+00
2.00E+00
4.00E+00
2.00E+00
2.00E+00
4.00E+00
2.00E+00
4.00E+00
2.00E+00
6.00E+00
4.00E+00
2.00E+00
2.00E+00
4.00E+00
2.00E+00
2.00E+00
2.00E+00
4.00E+00
2.00E+00
4.00E+00
4.00E+00
2.00E+00
2.00E+00
2.00E+00
2.00E+00
2.00E+00
2.00E+00
2.00E+00
4.00E+00
0.00E+00
2.00E+00
0.00E+00
2.00E+00
0.00E+00
2.00E+00
0.00E+00
0.00E+00
2.00E+00
0.00E+00
6.00E+00
2.00E+00
0.00E+00
0.00E+00
4.00E+00
0.00E+00
2.00E+00
4.00E+00
0.00E+00
0.00E+00
2.00E+00
2.00E+00
0.00E+00
2.00E+00
0.00E+00
2.00E+00
0.00E+00
2.00E+00
0.00E+00
2.00E+00
0.00E+00
2.00E+00
0.00E+00
0.00E+00
2.00E+00
0.00E+00
2.00E+00
2.00E+00
0.00E+00
2.00E+00
0.00E+00
0.00E+00
2.00E+00
0.00E+00
2.00E+00
0.00E+00
2.00E+00
0.00E+00
2.00E+00
0.00E+00
2.00E+00
0.00E+00
2.00E+00
0.00E+00
2.00E+00
0.00E+00
2.00E+00
0.00E+00
2.00E+00
0.00E+00
2.00E+00
0.00E+00
0.00E+00
2.00E+00
0.00E+00
2.00E+00
0.00E+00
0.00E+00
2.00E+00
2.00E+00
0.00E+00
0.00E+00
2.00E+00
2.00E+00
0.00E+00
0.00E+00
2.00E+00
2.00E+00
0.00E+00
0.00E+00
2.00E+00
2.00E+00
0.00E+00
0.00E+00
2.00E+00
0.00E+00
2.00E+00
0.00E+00
2.00E+00
2.00E+00
0.00E+00
0.00E+00
0.00E+00
0.00E+00
2.00E+00
2.00E+00
0.00E+00
2.00E+00
0.00E+00
2.00E+00
0.00E+00
2.00E+00
2.00E+00
2.00E+00
2.00E+00
2.00E+00
4.00E+00
2.00E+00
6.00E+00
8.00E+00
2.00E+00
4.00E+00
8.00E+00
6.00E+00
8.00E+00
8.00E+00
1.20E+01
1.40E+01
2.00E+01
2.40E+01
3.60E+01
3.80E+01
4.60E+01
4.60E+01
5.60E+01
5.80E+01
7.20E+01
7.40E+01
8.40E+01
8.80E+01
8.40E+01
8.40E+01
7.60E+01
7.60E+01
7.20E+01
7.00E+01
6.00E+01
5.80E+01
4.40E+01
4.20E+01
3.80E+01
3.80E+01
3.20E+01
3.00E+01
2.40E+01
2.40E+01
1.80E+01
1.80E+01
1.40E+01
1.40E+01
1.20E+01
1.20E+01
8.00E+00
1.00E+01
8.00E+00
8.00E+00
6.00E+00
6.00E+00
8.00E+00
6.00E+00
4.00E+00
6.00E+00
4.00E+00
4.00E+00
6.00E+00
4.00E+00
2.00E+00
4.00E+00
2.00E+00
2.00E+00
4.00E+00
2.00E+00
4.00E+00
4.00E+00
2.00E+00
2.00E+00
4.00E+00
4.00E+00
2.00E+00
2.00E+00
4.00E+00
2.00E+00
4.00E+00
2.00E+00
2.00E+00
4.00E+00
2.00E+00
2.00E+00
4.00E+00
2.00E+00
4.00E+00
2.00E+00
2.00E+00
2.00E+00
4.00E+00
2.00E+00
4.00E+00
2.00E+00
4.00E+00
2.00E+00
4.00E+00
2.00E+00
4.00E+00
2.00E+00
4.00E+00
4.00E+00
2.00E+00
2.00E+00
4.00E+00
4.00E+00
6.00E+00
4.00E+00
6.00E+00
6.00E+00
8.00E+00
6.00E+00
8.00E+00
8.00E+00
1.00E+01
1.00E+01
1.20E+01
1.20E+01
1.80E+01
1.80E+01
3.20E+01
3.20E+01
5.80E+01
6.20E+01
9.00E+01
9.20E+01
1.08E+02
1.10E+02
1.32E+02
1.34E+02
1.66E+02
1.70E+02
1.76E+02
1.74E+02
1.64E+02
1.60E+02
1.26E+02
1.24E+02
1.14E+02
1.14E+02
1.02E+02
1.00E+02
7.60E+01
7.40E+01
5.40E+01
5.20E+01
4.40E+01
4.40E+01
3.20E+01
3.20E+01
2.40E+01
2.40E+01
1.80E+01
1.80E+01
1.40E+01
1.40E+01
1.20E+01
1.20E+01
1.00E+01
1.00E+01
1.20E+01
1.00E+01
8.00E+00
6.00E+00
1.00E+01
6.00E+00
8.00E+00
8.00E+00
6.00E+00
6.00E+00
4.00E+00
6.00E+00
6.00E+00
4.00E+00
6.00E+00
6.00E+00
4.00E+00
6.00E+00
4.00E+00
4.00E+00
4.00E+00
